01:00:29-01:09:07,10,20,10,40,35,40
01:02:51-01:08:26,5,20,5,35
01:04:32-01:10:44,15,10,15,35
01:06:51-01:15:24,20,15,20,35
01:08:51-01:12:30,30,35,45,35
01:10:04-01:12:20,35,30,35,25,45,25
02:00:24-02:09:16,25,45,45,45,45,40
02:02:02-02:07:00,10,20,10,40,35,40
02:04:59-02:14:12,5,20,5,35
02:06:05-02:13:16,15,10,15,35
02:08:27-02:09:00,30,35,45,35
02:10:22-02:18:59,25,30,30,30,30,20,40,20,40,10
03:00:10-03:00:18,35,30,35,25,45,25
03:02:40-03:04:56,25,45,45,45,45,40
03:04:12-03:05:03,5,20,5,35
03:06:19-03:09:56,20,15,20,35
03:08:22-03:09:18,25,30,30,30,30,20,40,20,40,10
03:10:32-03:12:56,20,10,35,10
04:00:32-04:02:14,10,20,10,40,35,40
04:01:58-04:03:14,15,10,15,35
04:03:34-04:03:58,20,15,20,35
04:04:31-04:09:43,30,35,45,35
04:06:25-04:10:56,25,30,30,30,30,20,40,20,40,10
04:07:56-04:12:29,20,10,35,10
04:09:06-04:16:55,10,20,10,40,35,40
04:10:56-04:11:50,5,20,5,35
05:01:08-05:04:42,15,10,15,35
05:02:48-05:10:04,30,35,45,35
05:05:45-05:08:52,35,30,35,25,45,25
05:07:57-05:11:04,25,45,45,45,45,40
05:10:11-05:11:11,10,20,10,40,35,40
06:00:17-06:00:24,5,20,5,35
06:01:50-06:06:14,20,15,20,35
06:04:08-06:12:32,25,30,30,30,30,20,40,20,40,10
06:05:38-06:14:59,20,10,35,10
06:07:02-06:11:38,25,45,45,45,45,40
06:09:08-06:12:14,10,20,10,40,35,40
06:10:18-06:10:24,15,10,15,35
07:00:34-07:07:02,30,35,45,35
07:01:45-07:06:07,35,30,35,25,45,25
07:02:53-07:08:01,20,10,35,10
07:04:10-07:12:31,10,20,10,40,35,40
07:05:51-07:10:39,5,20,5,35
07:06:42-07:06:46,20,15,20,35
07:08:15-07:11:34,25,30,30,30,30,20,40,20,40,10
07:09:54-07:18:11,20,10,35,10
07:11:15-07:13:30,25,45,45,45,45,40
08:00:01-08:02:35,10,20,10,40,35,40
08:02:13-08:04:04,15,10,15,35
08:03:45-08:08:53,20,15,20,35
08:05:34-08:15:06,30,35,45,35
08:07:06-08:14:23,35,30,35,25,45,25
08:08:49-08:12:43,20,10,35,10
08:10:52-08:18:47,25,45,45,45,45,40
09:00:43-09:06:43,10,20,10,40,35,40
09:02:19-09:07:35,15,10,15,35
09:04:56-09:12:49,20,15,20,35
09:06:06-09:10:46,25,30,30,30,30,20,40,20,40,10
09:08:24-09:11:32,20,10,35,10
09:10:07-09:14:45,10,20,10,40,35,40
10:00:02-10:02:51,15,10,15,35
10:02:13-10:04:42,20,15,20,35
10:03:37-10:07:03,30,35,45,35
10:04:49-10:13:13,25,30,30,30,30,20,40,20,40,10
10:06:29-10:10:26,20,10,35,10
10:08:12-10:09:28,10,20,10,40,35,40
10:09:36-10:16:48,5,20,5,35
10:10:47-10:16:53,20,15,20,35
11:00:28-11:07:50,30,35,45,35
11:02:50-11:06:38,25,30,30,30,30,20,40,20,40,10
11:04:14-11:05:39,20,10,35,10
11:06:39-11:14:49,25,45,45,45,45,40
11:08:44-11:16:03,5,20,5,35
11:10:48-11:16:45,15,10,15,35
12:00:44-12:08:28,30,35,45,35
12:02:54-12:05:27,35,30,35,25,45,25
12:04:24-12:13:35,20,10,35,10
12:06:07-12:09:48,25,45,45,45,45,40
12:08:33-12:11:18,10,20,10,40,35,40
12:10:09-12:13:33,15,10,15,35
13:00:53-13:06:33,20,15,20,35
13:02:58-13:10:39,30,35,45,35
13:04:34-13:11:50,25,30,30,30,30,20,40,20,40,10
13:06:08-13:15:07,20,10,35,10
13:08:34-13:14:34,25,45,45,45,45,40
13:10:30-13:18:05,5,20,5,35
14:00:53-14:06:31,20,15,20,35
14:02:28-14:04:33,30,35,45,35
14:05:20-14:08:07,35,30,35,25,45,25
14:07:54-14:11:26,20,10,35,10
14:10:47-14:15:47,25,45,45,45,45,40
15:00:15-15:05:50,5,20,5,35
15:01:56-15:04:15,15,10,15,35
15:02:43-15:03:13,20,15,20,35
15:04:38-15:13:14,25,30,30,30,30,20,40,20,40,10
15:05:27-15:08:43,20,10,35,10
15:06:59-15:07:03,25,45,45,45,45,40
15:08:32-15:10:33,5,20,5,35
15:09:40-15:11:52,15,10,15,35
15:11:10-15:19:45,20,15,20,35
16:00:10-16:03:01,25,30,30,30,30,20,40,20,40,10
16:02:29-16:03:36,35,30,35,25,45,25
16:05:40-16:11:40,25,45,45,45,45,40
16:07:30-16:11:06,10,20,10,40,35,40
16:10:07-16:13:54,5,20,5,35
17:00:33-17:07:05,20,15,20,35
17:01:43-17:04:15,25,30,30,30,30,20,40,20,40,10
17:03:23-17:11:06,35,30,35,25,45,25
17:04:30-17:10:52,20,10,35,10
17:06:15-17:06:58,25,45,45,45,45,40
17:07:41-17:08:21,5,20,5,35
17:09:35-17:14:01,20,15,20,35
17:11:04-17:15:45,25,30,30,30,30,20,40,20,40,10
18:00:44-18:09:40,35,30,35,25,45,25
18:02:59-18:11:46,20,10,35,10
18:05:06-18:07:56,25,45,45,45,45,40
18:07:47-18:13:31,5,20,5,35
18:10:40-18:19:46,20,15,20,35
19:00:01-19:08:31,25,30,30,30,30,20,40,20,40,10
19:01:41-19:06:25,35,30,35,25,45,25
19:03:09-19:09:07,25,45,45,45,45,40
19:04:54-19:07:58,5,20,5,35
19:06:25-19:14:57,15,10,15,35
19:08:05-19:14:19,20,15,20,35
19:09:11-19:14:21,25,30,30,30,30,20,40,20,40,10
19:10:43-19:19:28,35,30,35,25,45,25
20:00:38-20:02:06,20,10,35,10
20:01:45-20:07:16,10,20,10,40,35,40
20:03:12-20:04:00,5,20,5,35
20:05:04-20:06:12,20,15,20,35
20:06:14-20:10:37,25,30,30,30,30,20,40,20,40,10
20:07:57-20:13:12,20,10,35,10
20:09:01-20:16:27,25,45,45,45,45,40
20:10:52-20:16:30,5,20,5,35
21:00:31-21:01:21,20,15,20,35
21:01:51-21:07:48,30,35,45,35
21:03:21-21:10:21,35,30,35,25,45,25
21:04:35-21:11:37,20,10,35,10
21:06:21-21:07:56,10,20,10,40,35,40
21:07:35-21:11:30,5,20,5,35
21:09:25-21:18:59,20,15,20,35
21:10:40-21:12:23,25,30,30,30,30,20,40,20,40,10
22:00:26-22:04:57,35,30,35,25,45,25
22:02:56-22:12:31,20,10,35,10
22:04:09-22:09:26,10,20,10,40,35,40
22:06:42-22:09:34,15,10,15,35
22:08:39-22:14:26,30,35,45,35
22:10:55-22:18:25,25,30,30,30,30,20,40,20,40,10
23:00:33-23:02:42,20,10,35,10
23:03:23-23:05:54,25,45,45,45,45,40
23:05:52-23:15:18,10,20,10,40,35,40
23:08:07-23:15:46,15,10,15,35
23:10:45-23:16:33,20,15,20,35
24:00:38-24:03:17,30,35,45,35
24:01:46-24:07:55,35,30,35,25,45,25
24:03:10-24:05:18,25,45,45,45,45,40
24:05:13-24:08:44,10,20,10,40,35,40
24:06:33-24:14:41,15,10,15,35
24:07:41-24:08:07,20,15,20,35
24:09:19-24:15:26,25,30,30,30,30,20,40,20,40,10
24:11:02-24:19:55,35,30,35,25,45,25
25:00:26-25:02:46,20,10,35,10
25:01:28-25:03:28,10,20,10,40,35,40
25:03:04-25:12:25,5,20,5,35
25:04:15-25:05:55,15,10,15,35
25:05:52-25:06:00,20,15,20,35
25:06:50-25:16:11,25,30,30,30,30,20,40,20,40,10
25:08:16-25:17:46,35,30,35,25,45,25
25:09:23-25:09:23,20,10,35,10
25:11:11-25:14:54,10,20,10,40,35,40
26:00:12-26:08:38,15,10,15,35
26:02:14-26:04:10,20,15,20,35
26:04:04-26:08:36,30,35,45,35
26:06:11-26:08:57,25,30,30,30,30,20,40,20,40,10
26:08:44-26:13:26,20,10,35,10
26:10:05-26:18:38,25,45,45,45,45,40
