01:00:26-01:01:48,5,20,5,35
01:03:35-01:13:04,20,15,20,35
01:05:34-01:10:54,30,35,45,35
01:07:15-01:07:51,25,30,30,30,30,20,40,20,40,10
01:10:34-01:14:32,20,10,35,10
02:01:10-02:07:18,10,20,10,40,35,40
02:02:40-02:03:01,15,10,15,35
02:05:38-02:12:30,30,35,45,35
02:07:44-02:09:02,25,30,30,30,30,20,40,20,40,10
02:10:23-02:11:04,20,10,35,10
03:00:14-03:03:53,10,20,10,40,35,40
03:01:55-03:02:38,5,20,5,35
03:03:45-03:08:47,15,10,15,35
03:05:51-03:11:32,30,35,45,35
03:07:24-03:11:58,25,30,30,30,30,20,40,20,40,10
03:08:36-03:10:09,20,10,35,10
03:10:18-03:16:50,10,20,10,40,35,40
04:00:33-04:03:22,5,20,5,35
04:01:53-04:07:25,20,15,20,35
04:03:13-04:12:09,25,30,30,30,30,20,40,20,40,10
04:04:19-04:07:45,20,10,35,10
04:05:28-04:06:24,10,20,10,40,35,40
04:06:56-04:07:26,15,10,15,35
04:08:33-04:17:05,20,15,20,35
04:09:50-04:14:51,25,30,30,30,30,20,40,20,40,10
04:11:10-04:13:18,20,10,35,10
05:00:01-05:08:21,25,45,45,45,45,40
05:02:25-05:02:42,5,20,5,35
05:05:49-05:08:40,15,10,15,35
05:08:05-05:17:25,20,15,20,35
05:10:26-05:10:46,25,30,30,30,30,20,40,20,40,10
06:00:22-06:08:14,20,10,35,10
06:01:51-06:01:59,25,45,45,45,45,40
06:03:39-06:07:54,10,20,10,40,35,40
06:04:51-06:07:22,5,20,5,35
06:06:36-06:07:42,15,10,15,35
06:07:48-06:16:55,30,35,45,35
06:09:18-06:13:58,35,30,35,25,45,25
06:11:04-06:14:48,20,10,35,10
07:00:46-07:04:27,25,45,45,45,45,40
07:02:52-07:10:43,10,20,10,40,35,40
07:05:51-07:11:08,15,10,15,35
07:07:41-07:13:59,30,35,45,35
07:10:21-07:13:50,35,30,35,25,45,25
08:00:34-08:08:03,20,10,35,10
08:02:03-08:08:59,10,20,10,40,35,40
08:03:00-08:08:29,15,10,15,35
08:04:30-08:12:55,30,35,45,35
08:06:44-08:08:30,35,30,35,25,45,25
08:07:43-08:12:59,25,45,45,45,45,40
08:09:22-08:09:42,5,20,5,35
08:11:05-08:14:29,20,15,20,35
09:00:50-09:03:53,30,35,45,35
09:02:59-09:06:25,35,30,35,25,45,25
09:04:57-09:11:56,20,10,35,10
09:06:02-09:11:19,25,45,45,45,45,40
09:08:23-09:09:20,10,20,10,40,35,40
09:10:36-09:11:32,15,10,15,35
10:00:12-10:02:15,30,35,45,35
10:02:38-10:07:21,35,30,35,25,45,25
10:05:52-10:14:36,25,45,45,45,45,40
10:07:29-10:11:54,5,20,5,35
10:09:48-10:11:21,20,15,20,35
11:00:38-11:03:33,30,35,45,35
11:02:01-11:05:51,35,30,35,25,45,25
11:03:55-11:10:11,20,10,35,10
11:05:38-11:06:58,10,20,10,40,35,40
11:06:54-11:08:57,15,10,15,35
11:09:00-11:12:01,20,15,20,35
11:10:52-11:12:57,25,30,30,30,30,20,40,20,40,10
12:00:23-12:07:15,35,30,35,25,45,25
12:01:22-12:03:12,20,10,35,10
12:03:05-12:12:32,10,20,10,40,35,40
12:04:26-12:11:52,15,10,15,35
12:05:35-12:13:33,30,35,45,35
12:06:43-12:16:15,25,30,30,30,30,20,40,20,40,10
12:08:39-12:15:19,35,30,35,25,45,25
12:09:29-12:10:12,25,45,45,45,45,40
12:11:11-12:16:07,10,20,10,40,35,40
13:00:46-13:02:20,5,20,5,35
13:02:58-13:04:20,15,10,15,35
13:05:29-13:13:03,30,35,45,35
13:08:10-13:09:04,25,30,30,30,30,20,40,20,40,10
13:10:22-13:11:05,35,30,35,25,45,25
14:00:23-14:07:39,20,10,35,10
14:02:04-14:04:58,25,45,45,45,45,40
14:04:52-14:05:29,5,20,5,35
14:06:50-14:07:40,20,15,20,35
14:08:54-14:15:59,25,30,30,30,30,20,40,20,40,10
14:10:49-14:19:26,35,30,35,25,45,25
15:00:07-15:05:26,20,10,35,10
15:02:41-15:07:01,10,20,10,40,35,40
15:04:56-15:14:24,5,20,5,35
15:06:49-15:14:04,15,10,15,35
15:08:22-15:12:15,30,35,45,35
15:10:54-15:14:34,25,30,30,30,30,20,40,20,40,10
16:00:15-16:04:51,20,10,35,10
16:02:02-16:02:24,10,20,10,40,35,40
16:04:04-16:13:27,5,20,5,35
16:06:00-16:06:07,15,10,15,35
16:08:13-16:13:49,20,15,20,35
16:10:45-16:16:44,30,35,45,35
17:00:12-17:04:54,35,30,35,25,45,25
17:02:17-17:09:52,20,10,35,10
17:03:59-17:04:47,10,20,10,40,35,40
17:05:48-17:11:00,15,10,15,35
17:07:35-17:13:20,30,35,45,35
17:09:01-17:13:07,35,30,35,25,45,25
17:10:51-17:20:11,25,45,45,45,45,40
18:00:39-18:09:58,5,20,5,35
18:02:40-18:04:15,15,10,15,35
18:04:11-18:12:55,20,15,20,35
18:06:21-18:06:27,25,30,30,30,30,20,40,20,40,10
18:08:42-18:10:58,20,10,35,10
18:10:54-18:15:23,25,45,45,45,45,40
19:00:44-19:04:48,10,20,10,40,35,40
19:01:39-19:06:43,15,10,15,35
19:03:31-19:04:35,30,35,45,35
19:04:51-19:12:17,35,30,35,25,45,25
19:06:09-19:07:28,20,10,35,10
19:07:32-19:16:40,10,20,10,40,35,40
19:09:39-19:15:10,5,20,5,35
19:11:10-19:17:35,15,10,15,35
20:00:33-20:01:07,30,35,45,35
20:02:09-20:06:45,35,30,35,25,45,25
20:03:13-20:05:37,20,10,35,10
20:04:59-20:12:55,10,20,10,40,35,40
20:06:30-20:13:30,15,10,15,35
20:07:31-20:08:28,20,15,20,35
20:09:40-20:12:39,25,30,30,30,30,20,40,20,40,10
20:10:35-20:17:47,20,10,35,10
21:00:36-21:04:36,10,20,10,40,35,40
21:03:04-21:05:40,5,20,5,35
21:05:53-21:07:49,15,10,15,35
21:08:08-21:13:42,20,15,20,35
21:10:47-21:18:44,30,35,45,35
22:00:22-22:07:36,35,30,35,25,45,25
22:01:42-22:06:57,20,10,35,10
22:03:18-22:04:42,25,45,45,45,45,40
22:04:02-22:12:21,5,20,5,35
22:05:27-22:09:18,15,10,15,35
22:07:03-22:07:13,20,15,20,35
22:08:03-22:14:34,25,30,30,30,30,20,40,20,40,10
22:09:53-22:13:28,20,10,35,10
22:10:54-22:13:08,10,20,10,40,35,40
23:00:35-23:07:41,15,10,15,35
23:01:51-23:02:04,20,15,20,35
23:03:16-23:06:19,25,30,30,30,30,20,40,20,40,10
23:04:08-23:12:32,20,10,35,10
23:05:50-23:10:32,10,20,10,40,35,40
23:06:54-23:06:54,5,20,5,35
23:08:31-23:12:12,15,10,15,35
23:09:36-23:18:21,30,35,45,35
23:11:09-23:13:35,35,30,35,25,45,25
24:01:10-24:03:48,20,10,35,10
24:02:30-24:08:30,10,20,10,40,35,40
24:05:20-24:06:23,15,10,15,35
24:07:57-24:09:41,30,35,45,35
24:10:18-24:19:10,25,30,30,30,30,20,40,20,40,10
25:00:39-25:01:39,20,10,35,10
25:01:57-25:06:07,25,45,45,45,45,40
25:03:25-25:12:42,10,20,10,40,35,40
25:04:54-25:05:54,5,20,5,35
25:06:35-25:10:10,20,15,20,35
25:07:41-25:09:17,30,35,45,35
25:09:35-25:13:03,35,30,35,25,45,25
25:11:09-25:13:45,20,10,35,10
26:00:37-26:09:08,10,20,10,40,35,40
26:02:41-26:11:57,15,10,15,35
26:05:43-26:10:03,20,15,20,35
26:07:35-26:16:39,30,35,45,35
26:09:45-26:13:54,25,30,30,30,30,20,40,20,40,10
