01:00:01-01:07:13,10,20,10,40,35,40
01:01:49-01:03:36,5,20,5,35
01:03:39-01:09:16,20,15,20,35
01:04:53-01:10:28,30,35,45,35
01:06:42-01:10:22,25,30,30,30,30,20,40,20,40,10
01:07:30-01:16:48,20,10,35,10
01:09:09-01:11:17,25,45,45,45,45,40
01:10:44-01:15:15,10,20,10,40,35,40
02:00:41-02:02:41,5,20,5,35
02:02:29-02:05:46,20,15,20,35
02:03:58-02:06:58,25,30,30,30,30,20,40,20,40,10
02:05:11-02:06:39,35,30,35,25,45,25
02:06:53-02:11:53,20,10,35,10
02:08:42-02:12:34,10,20,10,40,35,40
02:10:32-02:18:59,15,10,15,35
03:00:03-03:06:01,20,15,20,35
03:03:26-03:07:02,25,30,30,30,30,20,40,20,40,10
03:04:58-03:12:47,35,30,35,25,45,25
03:08:15-03:12:35,20,10,35,10
03:10:09-03:14:28,25,45,45,45,45,40
04:00:29-04:08:21,5,20,5,35
04:01:36-04:02:12,15,10,15,35
04:02:50-04:08:23,30,35,45,35
04:04:17-04:10:29,25,30,30,30,30,20,40,20,40,10
04:05:56-04:13:03,20,10,35,10
04:07:10-04:14:51,25,45,45,45,45,40
04:08:17-04:11:53,5,20,5,35
04:09:26-04:17:31,20,15,20,35
04:10:45-04:18:23,25,30,30,30,30,20,40,20,40,10
05:00:25-05:02:53,35,30,35,25,45,25
05:02:30-05:07:42,20,10,35,10
05:04:04-05:11:01,10,20,10,40,35,40
05:06:21-05:15:12,5,20,5,35
05:08:49-05:10:35,15,10,15,35
05:10:48-05:17:39,20,15,20,35
06:00:45-06:03:00,30,35,45,35
06:02:23-06:07:07,25,30,30,30,30,20,40,20,40,10
06:04:58-06:07:49,35,30,35,25,45,25
06:06:19-06:12:20,20,10,35,10
06:08:05-06:15:44,25,45,45,45,45,40
06:10:23-06:17:48,5,20,5,35
07:00:56-07:10:16,20,15,20,35
07:02:56-07:03:31,25,30,30,30,30,20,40,20,40,10
07:05:08-07:06:52,35,30,35,25,45,25
07:07:43-07:10:12,25,45,45,45,45,40
07:10:32-07:12:37,10,20,10,40,35,40
08:00:39-08:06:42,5,20,5,35
08:01:34-08:04:33,15,10,15,35
08:02:57-08:06:17,30,35,45,35
08:04:13-08:12:25,35,30,35,25,45,25
08:05:41-08:13:44,20,10,35,10
08:06:54-08:08:34,25,45,45,45,45,40
08:08:16-08:12:34,5,20,5,35
08:09:55-08:10:49,15,10,15,35
08:10:53-08:14:23,20,15,20,35
09:00:29-09:04:40,30,35,45,35
09:02:16-09:11:38,35,30,35,25,45,25
09:03:40-09:11:29,20,10,35,10
09:05:33-09:10:51,25,45,45,45,45,40
09:07:18-09:15:03,10,20,10,40,35,40
09:08:33-09:11:37,5,20,5,35
09:10:40-09:17:04,20,15,20,35
10:00:41-10:09:37,25,30,30,30,30,20,40,20,40,10
10:02:15-10:11:34,20,10,35,10
10:04:50-10:10:43,25,45,45,45,45,40
10:06:41-10:07:06,5,20,5,35
10:08:23-10:14:59,15,10,15,35
10:10:27-10:11:48,20,15,20,35
11:00:50-11:05:01,30,35,45,35
11:03:16-11:09:40,35,30,35,25,45,25
11:05:30-11:13:47,25,45,45,45,45,40
11:07:58-11:14:01,10,20,10,40,35,40
11:09:40-11:12:41,15,10,15,35
12:00:43-12:08:55,20,15,20,35
12:02:09-12:02:46,25,30,30,30,30,20,40,20,40,10
12:04:31-12:08:13,20,10,35,10
12:06:47-12:11:03,10,20,10,40,35,40
12:08:11-12:14:33,5,20,5,35
12:10:34-12:13:36,15,10,15,35
13:00:44-13:08:40,20,15,20,35
13:01:54-13:04:50,30,35,45,35
13:03:25-13:07:57,25,30,30,30,30,20,40,20,40,10
13:04:57-13:09:41,20,10,35,10
13:06:24-13:12:28,25,45,45,45,45,40
13:07:37-13:13:38,10,20,10,40,35,40
13:09:32-13:13:02,5,20,5,35
13:10:40-13:17:40,20,15,20,35
14:00:05-14:00:56,25,30,30,30,30,20,40,20,40,10
14:01:50-14:09:00,20,10,35,10
14:02:41-14:03:24,25,45,45,45,45,40
14:04:15-14:05:36,10,20,10,40,35,40
14:05:36-14:07:08,5,20,5,35
14:07:07-14:08:23,15,10,15,35
14:08:11-14:15:50,30,35,45,35
14:09:32-14:11:13,35,30,35,25,45,25
14:10:56-14:19:18,20,10,35,10
15:00:48-15:06:22,25,45,45,45,45,40
15:02:20-15:10:01,10,20,10,40,35,40
15:04:48-15:05:26,5,20,5,35
15:06:43-15:09:28,20,15,20,35
15:08:28-15:15:38,25,30,30,30,30,20,40,20,40,10
15:10:24-15:10:32,35,30,35,25,45,25
16:00:23-16:08:14,20,10,35,10
16:01:59-16:05:16,10,20,10,40,35,40
16:02:56-16:05:12,5,20,5,35
16:04:14-16:11:01,15,10,15,35
16:05:21-16:12:09,30,35,45,35
16:06:43-16:12:55,35,30,35,25,45,25
16:08:27-16:11:27,25,45,45,45,45,40
16:09:46-16:11:37,10,20,10,40,35,40
16:11:07-16:16:37,5,20,5,35
17:00:34-17:08:38,20,15,20,35
17:01:47-17:10:45,30,35,45,35
17:03:12-17:05:01,35,30,35,25,45,25
17:04:46-17:14:06,25,45,45,45,45,40
17:06:14-17:15:20,10,20,10,40,35,40
17:07:59-17:16:42,5,20,5,35
17:09:37-17:12:09,20,15,20,35
17:10:52-17:16:07,30,35,45,35
18:00:19-18:05:26,35,30,35,25,45,25
18:02:15-18:10:14,20,10,35,10
18:03:26-18:04:14,25,45,45,45,45,40
18:05:06-18:10:02,5,20,5,35
18:06:59-18:15:51,20,15,20,35
18:08:58-18:09:33,30,35,45,35
18:10:37-18:18:52,35,30,35,25,45,25
19:00:56-19:02:03,25,45,45,45,45,40
19:02:50-19:09:56,5,20,5,35
19:04:21-19:05:06,15,10,15,35
19:06:36-19:09:38,20,15,20,35
19:08:55-19:10:59,30,35,45,35
19:10:08-19:17:14,35,30,35,25,45,25
20:00:13-20:05:29,25,45,45,45,45,40
20:01:38-20:05:58,5,20,5,35
20:02:47-20:10:18,20,15,20,35
20:04:19-20:12:03,30,35,45,35
20:05:50-20:12:26,25,30,30,30,30,20,40,20,40,10
20:06:54-20:10:58,20,10,35,10
20:08:38-20:08:46,10,20,10,40,35,40
20:09:21-20:15:09,5,20,5,35
20:10:40-20:16:53,20,15,20,35
21:00:11-21:02:47,25,30,30,30,30,20,40,20,40,10
21:02:00-21:10:23,20,10,35,10
21:04:05-21:08:23,25,45,45,45,45,40
21:06:05-21:12:45,10,20,10,40,35,40
21:08:03-21:10:51,5,20,5,35
21:10:54-21:12:04,15,10,15,35
22:00:36-22:05:08,20,15,20,35
22:03:07-22:12:30,30,35,45,35
22:05:31-22:13:44,25,30,30,30,30,20,40,20,40,10
22:07:35-22:08:12,35,30,35,25,45,25
22:10:30-22:15:07,25,45,45,45,45,40
23:00:42-23:05:06,5,20,5,35
23:02:18-23:05:18,20,15,20,35
23:03:59-23:13:12,25,30,30,30,30,20,40,20,40,10
23:05:35-23:08:10,35,30,35,25,45,25
23:07:32-23:16:40,25,45,45,45,45,40
23:09:01-23:18:35,5,20,5,35
23:10:25-23:14:16,15,10,15,35
24:00:12-24:09:30,20,15,20,35
24:02:33-24:05:48,30,35,45,35
24:04:52-24:09:30,35,30,35,25,45,25
24:06:26-24:10:42,25,45,45,45,45,40
24:08:35-24:12:56,10,20,10,40,35,40
24:10:05-24:11:35,5,20,5,35
25:00:37-25:09:57,20,15,20,35
25:01:50-25:04:01,30,35,45,35
25:03:10-25:09:53,25,30,30,30,30,20,40,20,40,10
25:04:19-25:12:51,20,10,35,10
25:05:37-25:06:36,10,20,10,40,35,40
25:07:06-25:14:52,5,20,5,35
25:08:20-25:13:42,15,10,15,35
25:09:36-25:14:14,30,35,45,35
25:10:49-25:16:20,25,30,30,30,30,20,40,20,40,10
26:00:20-26:02:06,20,10,35,10
26:01:29-26:03:54,25,45,45,45,45,40
26:02:59-26:08:33,10,20,10,40,35,40
26:04:33-26:11:05,15,10,15,35
26:05:44-26:13:20,20,15,20,35
26:07:08-26:10:46,30,35,45,35
26:08:16-26:12:32,25,30,30,30,30,20,40,20,40,10
26:09:38-26:14:03,20,10,35,10
26:10:59-26:18:41,25,45,45,45,45,40
