01:00:10-01:07:38,10,20,10,40,35,40
01:02:46-01:09:34,15,10,15,35
01:05:39-01:13:40,20,15,20,35
01:07:25-01:15:15,25,30,30,30,30,20,40,20,40,10
01:10:46-01:11:33,35,30,35,25,45,25
02:00:10-02:04:46,20,10,35,10
02:01:53-02:11:07,25,45,45,45,45,40
02:03:31-02:05:44,10,20,10,40,35,40
02:05:33-02:08:04,15,10,15,35
02:07:30-02:13:30,20,15,20,35
02:08:52-02:16:07,30,35,45,35
02:10:49-02:19:19,35,30,35,25,45,25
03:00:06-03:02:01,25,45,45,45,45,40
03:02:14-03:06:58,10,20,10,40,35,40
03:03:41-03:04:57,5,20,5,35
03:04:34-03:06:16,15,10,15,35
03:06:44-03:14:20,30,35,45,35
03:07:52-03:15:17,35,30,35,25,45,25
03:09:16-03:17:12,25,45,45,45,45,40
03:10:39-03:11:42,5,20,5,35
04:00:22-04:08:56,15,10,15,35
04:01:58-04:10:51,20,15,20,35
04:02:50-04:06:06,30,35,45,35
04:04:21-04:07:42,35,30,35,25,45,25
04:05:25-04:09:01,25,45,45,45,45,40
04:07:11-04:11:47,5,20,5,35
04:08:22-04:13:00,20,15,20,35
04:09:57-04:12:29,25,30,30,30,30,20,40,20,40,10
04:10:46-04:12:47,35,30,35,25,45,25
05:00:09-05:07:54,25,45,45,45,45,40
05:02:27-05:09:59,5,20,5,35
05:04:38-05:11:58,15,10,15,35
05:06:57-05:07:26,30,35,45,35
05:08:05-05:09:49,35,30,35,25,45,25
05:10:49-05:18:30,20,10,35,10
06:00:40-06:10:07,25,45,45,45,45,40
06:03:17-06:07:10,10,20,10,40,35,40
06:05:13-06:08:39,15,10,15,35
06:07:12-06:08:24,30,35,45,35
06:10:17-06:12:09,35,30,35,25,45,25
07:00:28-07:00:50,20,10,35,10
07:01:46-07:05:23,10,20,10,40,35,40
07:02:50-07:07:59,15,10,15,35
07:04:07-07:07:34,20,15,20,35
07:05:26-07:13:02,25,30,30,30,30,20,40,20,40,10
07:07:11-07:10:41,20,10,35,10
07:08:15-07:12:35,25,45,45,45,45,40
07:09:20-07:12:06,5,20,5,35
07:10:49-07:14:00,20,15,20,35
08:00:45-08:05:01,30,35,45,35
08:02:46-08:11:22,35,30,35,25,45,25
08:05:31-08:11:15,20,10,35,10
08:07:51-08:07:55,10,20,10,40,35,40
08:09:40-08:17:36,5,20,5,35
09:00:50-09:09:36,20,15,20,35
09:02:32-09:07:48,30,35,45,35
09:04:01-09:09:53,25,30,30,30,30,20,40,20,40,10
09:05:25-09:13:00,20,10,35,10
09:07:13-09:14:29,25,45,45,45,45,40
09:08:46-09:13:28,5,20,5,35
09:10:47-09:11:09,15,10,15,35
10:00:03-10:02:38,20,15,20,35
10:01:31-10:09:57,30,35,45,35
10:02:50-10:11:08,25,30,30,30,30,20,40,20,40,10
10:04:24-10:06:42,35,30,35,25,45,25
10:05:44-10:11:36,25,45,45,45,45,40
10:06:40-10:11:21,5,20,5,35
10:08:16-10:10:17,20,15,20,35
10:09:25-10:14:29,25,30,30,30,30,20,40,20,40,10
10:10:57-10:14:21,35,30,35,25,45,25
11:00:28-11:06:07,25,45,45,45,45,40
11:02:05-11:03:52,5,20,5,35
11:04:21-11:04:58,15,10,15,35
11:06:24-11:11:28,30,35,45,35
11:08:30-11:12:32,25,30,30,30,30,20,40,20,40,10
11:10:15-11:14:30,35,30,35,25,45,25
12:00:14-12:01:38,25,45,45,45,45,40
12:02:13-12:10:58,5,20,5,35
12:03:38-12:07:12,20,15,20,35
12:04:38-12:09:28,30,35,45,35
12:06:01-12:13:01,25,30,30,30,30,20,40,20,40,10
12:07:31-12:15:50,20,10,35,10
12:09:31-12:15:26,10,20,10,40,35,40
12:10:57-12:19:57,5,20,5,35
13:00:32-13:04:49,15,10,15,35
13:02:02-13:02:39,30,35,45,35
13:03:28-13:12:28,25,30,30,30,30,20,40,20,40,10
13:05:29-13:07:54,20,10,35,10
13:07:37-13:14:47,25,45,45,45,45,40
13:09:07-13:16:48,5,20,5,35
13:10:41-13:19:42,20,15,20,35
14:00:08-14:08:16,25,30,30,30,30,20,40,20,40,10
14:01:52-14:07:56,20,10,35,10
14:03:40-14:08:26,25,45,45,45,45,40
14:05:10-14:09:07,5,20,5,35
14:06:28-14:11:32,15,10,15,35
14:07:31-14:08:03,30,35,45,35
14:09:44-14:11:37,35,30,35,25,45,25
14:10:57-14:16:25,20,10,35,10
15:00:57-15:01:06,10,20,10,40,35,40
15:02:05-15:04:09,5,20,5,35
15:04:37-15:09:29,20,15,20,35
15:06:20-15:12:12,30,35,45,35
15:08:01-15:12:34,35,30,35,25,45,25
15:10:01-15:15:54,20,10,35,10
16:00:40-16:02:17,10,20,10,40,35,40
16:02:27-16:09:45,15,10,15,35
16:04:04-16:08:12,20,15,20,35
16:05:10-16:12:19,30,35,45,35
16:07:24-16:09:56,25,30,30,30,30,20,40,20,40,10
16:09:08-16:14:08,20,10,35,10
16:10:52-16:12:18,25,45,45,45,45,40
17:00:19-17:09:34,5,20,5,35
17:02:18-17:08:44,20,15,20,35
17:03:45-17:04:39,25,30,30,30,30,20,40,20,40,10
17:05:26-17:10:18,35,30,35,25,45,25
17:07:12-17:15:15,20,10,35,10
17:09:08-17:15:09,10,20,10,40,35,40
17:10:30-17:11:02,5,20,5,35
18:00:01-18:03:37,20,15,20,35
18:01:39-18:07:16,30,35,45,35
18:03:01-18:08:22,35,30,35,25,45,25
18:05:06-18:06:49,25,45,45,45,45,40
18:06:12-18:08:16,5,20,5,35
18:07:37-18:08:09,20,15,20,35
18:09:10-18:14:22,25,30,30,30,30,20,40,20,40,10
18:10:46-18:17:42,20,10,35,10
19:00:36-19:05:09,10,20,10,40,35,40
19:02:35-19:12:07,5,20,5,35
19:04:59-19:06:53,20,15,20,35
19:06:54-19:08:49,25,30,30,30,30,20,40,20,40,10
19:08:33-19:10:19,35,30,35,25,45,25
19:10:29-19:19:18,25,45,45,45,45,40
20:00:11-20:06:06,10,20,10,40,35,40
20:02:26-20:02:33,15,10,15,35
20:04:41-20:06:15,30,35,45,35
20:06:35-20:08:40,35,30,35,25,45,25
20:08:37-20:14:12,20,10,35,10
20:10:50-20:13:10,25,45,45,45,45,40
21:00:19-21:02:39,10,20,10,40,35,40
21:02:34-21:11:10,5,20,5,35
21:04:37-21:13:48,15,10,15,35
21:06:14-21:07:02,30,35,45,35
21:08:35-21:12:59,35,30,35,25,45,25
21:10:16-21:15:37,20,10,35,10
22:00:20-22:07:16,10,20,10,40,35,40
22:02:43-22:09:47,5,20,5,35
22:04:41-22:09:28,15,10,15,35
22:06:18-22:10:59,30,35,45,35
22:08:44-22:14:44,35,30,35,25,45,25
22:10:30-22:10:37,25,45,45,45,45,40
23:00:54-23:08:50,5,20,5,35
23:03:12-23:07:47,20,15,20,35
23:05:54-23:08:22,25,30,30,30,30,20,40,20,40,10
23:07:31-23:16:20,35,30,35,25,45,25
23:09:39-23:11:59,25,45,45,45,45,40
24:00:05-24:05:28,5,20,5,35
24:01:50-24:08:18,15,10,15,35
24:03:09-24:11:01,30,35,45,35
24:04:38-24:11:48,35,30,35,25,45,25
24:05:46-24:06:46,20,10,35,10
24:07:09-24:12:14,10,20,10,40,35,40
24:08:29-24:10:09,5,20,5,35
24:09:25-24:13:45,20,15,20,35
24:10:46-24:12:31,30,35,45,35
25:00:07-25:07:47,25,30,30,30,30,20,40,20,40,10
25:01:43-25:06:21,20,10,35,10
25:04:05-25:06:23,10,20,10,40,35,40
25:05:52-25:05:52,15,10,15,35
25:07:07-25:08:08,30,35,45,35
25:09:04-25:15:52,25,30,30,30,30,20,40,20,40,10
25:10:31-25:10:55,20,10,35,10
26:00:17-26:05:53,25,45,45,45,45,40
26:01:49-26:05:45,5,20,5,35
26:03:16-26:10:13,15,10,15,35
26:04:26-26:12:10,30,35,45,35
26:05:34-26:12:13,25,30,30,30,30,20,40,20,40,10
26:06:50-26:14:35,20,10,35,10
26:08:31-26:10:55,10,20,10,40,35,40
26:09:46-26:16:42,15,10,15,35
26:11:16-26:14:32,20,15,20,35
