01:00:01-01:05:09,10,20,10,40,35,40
01:01:28-01:06:54,5,20,5,35
01:02:49-01:04:57,20,15,20,35
01:04:02-01:11:54,30,35,45,35
01:05:30-01:07:00,35,30,35,25,45,25
01:06:42-01:13:14,20,10,35,10
01:08:34-01:12:37,25,45,45,45,45,40
01:09:51-01:14:01,5,20,5,35
01:11:02-01:20:00,20,15,20,35
02:00:27-02:07:09,30,35,45,35
02:01:49-02:04:27,35,30,35,25,45,25
02:03:59-02:10:26,20,10,35,10
02:05:32-02:12:40,25,45,45,45,45,40
02:07:11-02:14:49,5,20,5,35
02:08:39-02:12:29,20,15,20,35
02:10:17-02:17:53,30,35,45,35
03:00:12-03:02:36,35,30,35,25,45,25
03:01:48-03:03:52,20,10,35,10
03:02:52-03:08:19,25,45,45,45,45,40
03:04:13-03:10:55,10,20,10,40,35,40
03:05:20-03:05:28,15,10,15,35
03:06:58-03:07:57,30,35,45,35
03:08:11-03:12:03,25,30,30,30,30,20,40,20,40,10
03:09:46-03:15:29,35,30,35,25,45,25
03:10:52-03:14:08,25,45,45,45,45,40
04:00:47-04:01:58,5,20,5,35
04:02:48-04:04:04,15,10,15,35
04:04:18-04:08:40,30,35,45,35
04:06:42-04:08:03,35,30,35,25,45,25
04:08:09-04:14:03,20,10,35,10
04:10:18-04:19:50,25,45,45,45,45,40
05:00:27-05:03:58,5,20,5,35
05:01:49-05:05:34,20,15,20,35
05:02:56-05:10:44,30,35,45,35
05:04:04-05:13:06,35,30,35,25,45,25
05:05:23-05:06:35,25,45,45,45,45,40
05:06:41-05:08:34,10,20,10,40,35,40
05:08:10-05:17:17,5,20,5,35
05:09:44-05:16:48,15,10,15,35
05:10:49-05:16:05,30,35,45,35
06:00:09-06:06:59,35,30,35,25,45,25
06:01:35-06:06:06,25,45,45,45,45,40
06:03:33-06:09:04,5,20,5,35
06:04:30-06:06:14,15,10,15,35
06:06:27-06:13:16,30,35,45,35
06:08:09-06:11:50,25,30,30,30,30,20,40,20,40,10
06:09:17-06:13:41,35,30,35,25,45,25
06:10:45-06:15:25,20,10,35,10
07:00:32-07:07:56,25,45,45,45,45,40
07:01:31-07:02:39,5,20,5,35
07:02:57-07:11:13,20,15,20,35
07:04:17-07:08:37,25,30,30,30,30,20,40,20,40,10
07:05:56-07:10:45,35,30,35,25,45,25
07:06:55-07:16:06,25,45,45,45,45,40
07:08:13-07:16:25,5,20,5,35
07:09:32-07:12:08,15,10,15,35
07:10:57-07:14:42,20,15,20,35
08:00:03-08:03:48,30,35,45,35
08:01:32-08:08:59,25,30,30,30,30,20,40,20,40,10
08:03:02-08:10:44,35,30,35,25,45,25
08:04:47-08:11:11,25,45,45,45,45,40
08:06:40-08:11:46,10,20,10,40,35,40
08:08:04-08:15:00,5,20,5,35
08:09:16-08:12:12,20,15,20,35
08:10:31-08:17:59,30,35,45,35
09:00:44-09:06:38,35,30,35,25,45,25
09:02:50-09:06:23,25,45,45,45,45,40
09:04:07-09:09:13,10,20,10,40,35,40
09:06:48-09:11:03,5,20,5,35
09:08:56-09:13:41,15,10,15,35
09:10:20-09:14:12,20,15,20,35
10:00:15-10:08:02,25,30,30,30,30,20,40,20,40,10
10:02:00-10:06:53,20,10,35,10
10:03:26-10:12:02,25,45,45,45,45,40
10:05:16-10:06:40,5,20,5,35
10:07:12-10:08:36,15,10,15,35
10:08:55-10:09:43,20,15,20,35
10:10:20-10:16:32,30,35,45,35
11:00:21-11:07:24,35,30,35,25,45,25
11:02:05-11:11:21,20,10,35,10
11:04:20-11:09:44,25,45,45,45,45,40
11:06:44-11:09:18,10,20,10,40,35,40
11:08:14-11:14:32,5,20,5,35
11:10:53-11:13:50,20,15,20,35
12:00:26-12:08:06,30,35,45,35
12:03:21-12:07:25,35,30,35,25,45,25
12:05:03-12:08:03,25,45,45,45,45,40
12:08:01-12:10:38,5,20,5,35
12:10:20-12:17:52,15,10,15,35
13:00:07-13:00:14,30,35,45,35
13:02:38-13:05:54,35,30,35,25,45,25
13:05:31-13:12:55,25,45,45,45,45,40
13:07:34-13:09:22,5,20,5,35
13:09:50-13:18:49,20,15,20,35
14:00:12-14:04:21,30,35,45,35
14:02:46-14:06:06,25,30,30,30,30,20,40,20,40,10
14:04:06-14:12:09,20,10,35,10
14:06:31-14:13:33,25,45,45,45,45,40
14:08:26-14:11:54,5,20,5,35
14:10:46-14:12:07,20,15,20,35
15:00:14-15:06:44,30,35,45,35
15:02:39-15:05:37,25,30,30,30,30,20,40,20,40,10
15:05:19-15:12:08,20,10,35,10
15:08:10-15:15:03,10,20,10,40,35,40
15:09:51-15:16:44,15,10,15,35
16:00:14-16:08:54,20,15,20,35
16:02:56-16:03:11,30,35,45,35
16:04:04-16:12:56,35,30,35,25,45,25
16:06:33-16:06:37,20,10,35,10
16:08:07-16:08:51,25,45,45,45,45,40
16:10:29-16:16:47,5,20,5,35
17:00:08-17:02:57,20,15,20,35
17:01:56-17:11:29,30,35,45,35
17:03:08-17:04:23,35,30,35,25,45,25
17:04:37-17:09:12,25,45,45,45,45,40
17:05:52-17:10:32,10,20,10,40,35,40
17:06:42-17:11:46,15,10,15,35
17:08:00-17:09:54,20,15,20,35
17:09:28-17:10:26,30,35,45,35
17:11:10-17:13:11,25,30,30,30,30,20,40,20,40,10
18:00:30-18:07:39,35,30,35,25,45,25
18:02:30-18:07:02,20,10,35,10
18:04:11-18:09:48,25,45,45,45,45,40
18:05:17-18:13:26,10,20,10,40,35,40
18:07:25-18:09:29,5,20,5,35
18:09:00-18:11:48,20,15,20,35
18:10:48-18:13:25,25,30,30,30,30,20,40,20,40,10
19:00:00-19:09:26,20,10,35,10
19:01:45-19:06:28,25,45,45,45,45,40
19:03:31-19:08:26,10,20,10,40,35,40
19:05:09-19:08:57,15,10,15,35
19:06:16-19:13:53,30,35,45,35
19:07:47-19:15:37,35,30,35,25,45,25
19:09:39-19:15:05,20,10,35,10
19:11:04-19:17:27,25,45,45,45,45,40
20:00:32-20:00:42,10,20,10,40,35,40
20:02:52-20:11:17,15,10,15,35
20:05:31-20:14:52,20,15,20,35
20:08:09-20:12:00,30,35,45,35
20:09:40-20:18:04,35,30,35,25,45,25
21:00:22-21:07:02,25,45,45,45,45,40
21:02:01-21:04:20,10,20,10,40,35,40
21:04:36-21:10:33,15,10,15,35
21:06:47-21:07:45,30,35,45,35
21:08:36-21:09:38,35,30,35,25,45,25
21:10:17-21:17:21,25,45,45,45,45,40
22:00:52-22:01:32,10,20,10,40,35,40
22:03:05-22:11:54,5,20,5,35
22:05:33-22:12:22,20,15,20,35
22:08:18-22:11:38,30,35,45,35
22:09:43-22:12:39,25,30,30,30,30,20,40,20,40,10
23:00:15-23:08:56,35,30,35,25,45,25
23:01:44-23:02:59,20,10,35,10
23:03:25-23:03:25,10,20,10,40,35,40
23:04:36-23:09:51,5,20,5,35
23:06:43-23:11:19,20,15,20,35
23:08:00-23:12:08,30,35,45,35
23:09:08-23:14:43,35,30,35,25,45,25
23:10:37-23:16:41,25,45,45,45,45,40
24:00:43-24:03:15,10,20,10,40,35,40
24:02:10-24:06:09,15,10,15,35
24:03:34-24:09:41,30,35,45,35
24:05:32-24:11:45,35,30,35,25,45,25
24:07:17-24:08:24,20,10,35,10
24:09:12-24:15:28,25,45,45,45,45,40
24:10:59-24:12:13,10,20,10,40,35,40
25:00:53-25:02:46,5,20,5,35
25:02:32-25:10:51,20,15,20,35
25:04:27-25:10:55,25,30,30,30,30,20,40,20,40,10
25:06:23-25:14:05,35,30,35,25,45,25
25:08:37-25:17:04,20,10,35,10
25:10:52-25:14:40,25,45,45,45,45,40
26:00:28-26:08:26,10,20,10,40,35,40
26:01:23-26:03:15,5,20,5,35
26:03:16-26:11:22,15,10,15,35
26:04:33-26:07:32,20,15,20,35
26:05:39-26:13:35,30,35,45,35
26:06:59-26:15:51,35,30,35,25,45,25
26:08:02-26:17:30,25,45,45,45,45,40
26:09:57-26:11:08,5,20,5,35
26:11:17-26:12:45,15,10,15,35
