NAME : A-n60-k9
COMMENT : (Augerat et al, No of trucks: 9, Optimal value: 1354)
TYPE : CVRP
DIMENSION : 105
EDGE_WEIGHT_TYPE : EUC_2D 
CAPACITY : 100
NODE_COORD_SECTION 
 1 27 93
 2 33 27
 3 29 39
 4 7 81
 5 1 59
 6 49 9
 7 21 53
 8 79 89
 9 81 83
 10 85 11
 11 45 9
 12 7 65
 13 95 27
 14 81 85
 15 37 81
 16 69 69
 17 15 95
 18 89 75
 19 33 93
 20 57 83
 21 11 95
 22 3 57
 23 45 11
 24 43 61
 25 35 43
 26 19 83
 27 83 69
 28 85 77
 29 19 39
 30 83 87
 31 1 13
 32 15 39
 33 83 17
 34 41 97
 35 31 61
 36 59 69
 37 29 15
 38 93 83
 39 63 97
 40 65 57
 41 15 69
 42 31 97
 43 57 9
 44 85 37
 45 21 29
 46 53 11
 47 15 77
 48 41 69
 49 45 17
 50 13 25
 51 63 57
 52 95 5
 53 55 91
 54 3 31
 55 47 7
 56 61 69
 57 85 35
 58 89 81
 59 45 47
 60 65 93
 61 31 73
 62 11 67
 63 52 96
 64 81 29
 65 97 62
 66 71 5
 67 6 56
 68 48 50
 69 91 17
 70 49 68
 71 85 29
 72 11 16
 73 74 98
 74 56 37
 75 13 81
 76 66 80
 77 96 55
 78 36 17
 79 32 23
 80 6 13
 81 64 30
 82 87 5
 83 75 61
 84 40 72
 85 1 44
 86 60 95
 87 27 49
 88 15 33
 89 46 53
 90 28 43
 91 3 9
 92 1 100
 93 53 46
 94 98 8
 95 6 25
 96 7 81
 97 96 88
 98 2 35
 99 32 94
 100 95 94
 101 9 11
 102 96 16
 103 90 68
 104 33 31
 105 6 59
DEMAND_SECTION 
1 0 
2 16 
3 2 
4 7 
5 11 
6 9 
7 17 
8 21 
9 23 
10 10 
11 6 
12 19 
13 18 
14 20 
15 13 
16 5 
17 11 
18 24 
19 2 
20 3 
21 1 
22 5 
23 20 
24 23 
25 24 
26 18 
27 19 
28 2 
29 17 
30 17 
31 9 
32 11 
33 2 
34 6 
35 9 
36 5 
37 9 
38 2 
39 14 
40 19 
41 11 
42 21 
43 20 
44 21 
45 18 
46 48 
47 1 
48 17 
49 42 
50 2 
51 4 
52 24 
53 18 
54 21 
55 11 
56 9 
57 18 
58 22 
59 9 
60 23
61 18
62 19 
63 2 
64 12 
65 20 
66 6 
67 17 
68 8 
69 14 
70 2 
71 8 
72 5 
73 7 
74 22 
75 14 
76 17 
77 23 
78 15 
79 21 
80 2 
81 24 
82 10 
83 20 
84 6 
85 21 
86 10 
87 6 
88 13 
90 21 
91 24 
92 11 
93 16 
94 8 
95 11 
96 11 
97 22 
98 17 
99 22
100 14
101 12
102 17 
103 8 
104 23 
105 5 
DEPOT_SECTION 
 1  
 -1  
EOF 
