01:00:18,30,45,2,26
01:00:35,50,25,2,18
01:00:52,0,10,2,18
01:01:09,10,5,1,4
01:01:26,10,45,3,12
01:01:43,0,45,12,18
01:02:00,20,20,1,4
01:02:17,55,20,10,5
01:02:34,65,15,3,4
01:02:51,60,45,16,13
01:03:08,25,45,3,6
01:03:25,55,30,6,10
01:03:42,5,5,1,17
01:03:59,50,40,11,14
01:04:16,50,35,17,4
01:04:33,40,20,2,9
01:04:50,35,25,2,12
01:05:07,55,0,1,16
01:05:24,40,0,5,17
01:05:41,55,5,9,8
01:05:58,5,35,23,17
01:06:15,55,25,13,14
01:06:32,10,5,1,14
01:06:49,35,45,1,18
01:07:06,65,20,1,13
01:07:23,20,10,14,24
01:07:40,5,40,1,8
01:07:57,45,40,50,18
01:08:14,65,25,1,13
01:08:31,5,0,1,33
01:08:48,25,45,1,7
01:09:05,30,20,13,18
01:09:22,0,30,11,12
01:09:39,50,0,2,16
01:09:56,40,30,2,16
01:10:13,30,20,2,14
01:10:30,30,15,1,17
01:10:47,25,25,1,42
01:11:04,20,40,10,17
01:11:21,30,30,1,37
01:11:38,65,20,1,15
01:11:55,65,30,11,41
01:12:12,30,45,3,12
01:12:29,5,35,5,13
01:12:46,65,5,2,14
01:13:03,10,0,14,42
01:13:20,35,15,2,18
01:13:37,30,40,14,10
01:13:54,35,15,14,7
01:14:11,40,5,11,18
01:14:28,10,30,1,14
01:14:45,55,30,2,16
01:15:02,50,25,1,11
01:15:19,5,5,2,13
01:15:36,40,40,2,30
01:15:53,45,40,1,17
01:16:10,0,15,26,16
01:16:27,20,30,3,14
01:16:44,40,0,33,17
01:17:01,20,45,6,18
01:17:18,50,5,1,13
01:17:35,30,40,12,4
01:17:52,10,20,12,16
01:18:09,15,5,1,8
01:18:26,55,45,1,4
01:18:43,50,15,19,8
01:19:00,10,15,12,18
01:19:17,30,15,32,14
02:00:18,65,10,10,12
02:00:35,65,40,19,4
02:00:52,50,35,22,4
02:01:09,20,45,1,14
02:01:26,5,45,46,4
02:01:43,50,0,5,15
02:02:00,0,45,1,16
02:02:17,40,45,1,33
02:02:34,20,0,10,16
02:02:51,10,20,24,12
02:03:08,25,10,3,14
02:03:25,45,5,2,10
02:03:42,40,20,13,4
02:03:59,35,25,34,4
02:04:16,35,35,12,28
02:04:33,10,45,23,17
02:04:50,30,5,1,9
02:05:07,20,25,23,41
02:05:24,65,0,14,28
02:05:41,40,10,3,13
02:05:58,30,15,2,18
02:06:15,60,20,13,5
02:06:32,25,5,13,4
02:06:49,45,40,5,18
02:07:06,50,5,9,16
02:07:23,10,5,1,21
02:07:40,40,5,12,18
02:07:57,0,5,14,16
02:08:14,5,35,1,15
02:08:31,35,0,1,14
02:08:48,15,20,14,9
02:09:05,30,30,2,5
02:09:22,10,0,6,13
02:09:39,15,20,3,14
02:09:56,30,15,27,4
02:10:13,55,40,2,8
02:10:30,60,25,2,17
02:10:47,45,30,2,12
02:11:04,45,30,16,10
02:11:21,5,0,2,4
02:11:38,0,15,3,18
02:11:55,5,5,6,14
02:12:12,50,35,2,6
02:12:29,65,35,1,34
02:12:46,20,20,2,4
02:13:03,40,45,23,4
02:13:20,0,10,1,16
02:13:37,10,15,3,12
02:13:54,25,30,17,5
02:14:11,0,20,14,12
02:14:28,65,5,14,13
02:14:45,15,25,14,12
03:00:18,20,45,14,25
03:00:35,0,0,1,8
03:00:52,0,35,3,40
03:01:09,25,10,3,17
03:01:26,45,45,1,16
03:01:43,30,15,6,13
03:02:00,45,20,2,15
03:02:17,25,40,5,16
03:02:34,55,30,11,14
03:02:51,60,0,10,18
03:03:08,50,10,23,13
03:03:25,55,30,1,36
03:03:42,30,35,14,17
03:03:59,65,25,16,14
03:04:16,50,5,3,16
03:04:33,40,10,14,14
03:04:50,10,10,12,14
03:05:07,20,20,7,7
03:05:24,15,40,1,13
03:05:41,55,15,8,15
03:05:58,45,30,14,16
03:06:15,35,40,1,17
03:06:32,5,20,1,14
03:06:49,30,40,18,24
03:07:06,45,25,1,4
03:07:23,0,20,1,17
03:07:40,55,5,9,10
03:07:57,25,35,14,13
03:08:14,45,20,20,12
03:08:31,45,20,24,15
03:08:48,20,20,2,9
03:09:05,60,30,12,12
03:09:22,40,35,3,7
03:09:39,30,30,3,8
03:09:56,35,40,1,16
03:10:13,25,35,15,17
03:10:30,65,5,16,16
03:10:47,30,5,2,25
03:11:04,60,30,21,8
03:11:21,10,0,2,13
03:11:38,5,10,9,18
03:11:55,5,25,2,4
03:12:12,30,45,2,6
03:12:29,45,0,1,23
03:12:46,10,30,10,6
03:13:03,35,30,17,4
03:13:20,45,35,22,15
03:13:37,45,40,1,12
03:13:54,40,5,2,15
03:14:11,40,5,3,14
03:14:28,55,20,7,16
03:14:45,65,20,3,13
03:15:02,5,45,22,16
03:15:19,50,30,7,4
03:15:36,0,15,11,4
03:15:53,60,40,5,6
03:16:10,55,5,2,14
03:16:27,40,30,6,12
03:16:44,50,15,1,11
03:17:01,30,40,10,13
03:17:18,50,0,2,9
03:17:35,5,10,3,10
03:17:52,25,0,38,18
04:00:18,65,25,2,6
04:00:35,50,30,2,15
04:00:52,0,45,2,12
04:01:09,65,40,9,5
04:01:26,40,20,3,12
04:01:43,10,45,3,12
04:02:00,50,25,3,16
04:02:17,0,5,53,16
04:02:34,15,40,3,10
04:02:51,30,5,51,12
04:03:08,65,30,8,5
04:03:25,30,10,11,13
04:03:42,40,10,2,6
04:03:59,15,25,3,12
04:04:16,30,15,16,16
04:04:33,25,10,52,13
04:04:50,20,0,8,6
04:05:07,40,0,2,10
04:05:24,0,30,8,12
04:05:41,50,40,2,15
04:05:58,50,10,21,11
04:06:15,55,30,2,12
04:06:32,40,30,54,13
04:06:49,15,25,11,14
04:07:06,60,30,2,5
04:07:23,55,45,1,14
04:07:40,40,45,1,5
04:07:57,15,45,6,12
04:08:14,15,25,3,8
04:08:31,30,35,1,17
04:08:48,35,35,1,17
04:09:05,25,25,2,12
04:09:22,30,40,13,16
04:09:39,5,15,2,19
04:09:56,55,20,21,30
04:10:13,20,0,5,12
04:10:30,25,25,3,6
04:10:47,55,25,21,18
04:11:04,55,10,15,15
04:11:21,25,45,3,8
04:11:38,5,25,45,12
04:11:55,20,5,14,10
04:12:12,35,40,12,4
04:12:29,45,15,1,17
04:12:46,50,40,14,13
04:13:03,10,0,13,18
04:13:20,50,40,3,7
04:13:37,20,0,2,37
05:00:18,0,30,13,12
05:00:35,5,10,27,6
05:00:52,45,10,2,14
05:01:09,0,30,24,5
05:01:26,40,30,3,24
05:01:43,40,35,6,12
05:02:00,65,5,9,16
05:02:17,60,15,7,16
05:02:34,15,0,10,35
05:02:51,15,40,1,10
05:03:08,30,20,51,18
05:03:25,55,15,13,15
05:03:42,15,40,11,16
05:03:59,55,20,13,12
05:04:16,5,45,10,12
05:04:33,60,25,10,12
05:04:50,5,30,12,15
05:05:07,10,25,13,7
05:05:24,35,30,8,4
05:05:41,10,45,2,11
05:05:58,20,15,9,4
05:06:15,20,5,24,11
05:06:32,25,35,2,14
05:06:49,10,35,2,9
05:07:06,60,0,6,9
05:07:23,35,35,3,15
05:07:40,50,10,2,18
05:07:57,30,25,10,14
05:08:14,15,25,11,4
05:08:31,30,25,2,23
05:08:48,35,15,13,31
05:09:05,65,30,2,16
05:09:22,5,10,3,14
05:09:39,35,40,2,18
05:09:56,50,20,7,17
05:10:13,60,45,7,12
05:10:30,20,10,5,42
05:10:47,0,45,2,18
05:11:04,45,0,7,8
05:11:21,20,15,2,17
05:11:38,15,25,13,17
05:11:55,65,35,1,15
05:12:12,65,15,1,4
05:12:29,10,25,14,18
05:12:46,30,25,2,29
05:13:03,40,5,2,4
05:13:20,35,10,2,24
05:13:37,5,20,1,5
05:13:54,50,15,2,9
05:14:11,20,40,22,16
05:14:28,60,30,1,4
05:14:45,60,5,14,4
05:15:02,35,40,6,13
05:15:19,65,20,10,12
05:15:36,50,15,1,4
05:15:53,30,20,3,9
05:16:10,25,45,5,16
05:16:27,35,30,7,12
05:16:44,40,10,7,4
05:17:01,40,45,1,21
05:17:18,35,45,14,8
05:17:35,55,45,3,4
05:17:52,25,45,12,15
05:18:09,35,25,11,13
05:18:26,40,0,7,5
05:18:43,0,25,14,17
05:19:00,55,25,6,18
06:00:18,60,40,26,18
06:00:35,45,40,1,17
06:00:52,25,40,13,15
06:01:09,30,10,3,12
06:01:26,30,45,19,13
06:01:43,0,25,14,8
06:02:00,10,15,2,6
06:02:17,55,10,2,32
06:02:34,45,15,5,4
06:02:51,50,15,14,4
06:03:08,60,35,1,6
06:03:25,55,0,2,16
06:03:42,40,0,3,17
06:03:59,25,35,2,17
06:04:16,55,15,2,15
06:04:33,65,10,1,29
06:04:50,45,45,46,15
06:05:07,20,15,1,18
06:05:24,30,45,2,17
06:05:41,15,45,3,12
06:05:58,30,35,8,4
06:06:15,25,45,33,4
06:06:32,15,10,6,11
06:06:49,5,45,1,5
06:07:06,35,40,3,18
06:07:23,65,0,15,12
06:07:40,5,35,3,28
06:07:57,60,35,1,14
06:08:14,55,0,1,24
06:08:31,55,25,1,11
06:08:48,30,5,2,12
06:09:05,65,30,7,42
06:09:22,10,5,1,17
06:09:39,0,10,14,16
06:09:56,55,45,12,4
06:10:13,25,40,14,18
06:10:30,50,20,2,10
06:10:47,0,25,2,15
06:11:04,10,35,10,18
06:11:21,50,40,1,18
06:11:38,0,20,2,9
06:11:55,15,20,3,18
06:12:12,60,0,1,12
06:12:29,5,45,3,16
06:12:46,60,30,14,17
06:13:03,25,15,2,6
06:13:20,0,25,6,13
06:13:37,10,30,16,17
06:13:54,0,10,1,11
06:14:11,35,30,1,14
06:14:28,5,20,2,4
06:14:45,55,10,3,17
06:15:02,35,10,17,7
06:15:19,25,0,1,12
06:15:36,20,30,12,4
06:15:53,40,30,10,12
06:16:10,20,30,1,18
06:16:27,15,40,2,4
06:16:44,40,15,1,6
06:17:01,65,10,1,15
06:17:18,40,35,2,4
06:17:35,45,40,22,11
06:17:52,65,10,8,15
06:18:09,40,45,11,16
06:18:26,15,20,2,10
06:18:43,0,45,2,17
06:19:00,40,35,1,7
06:19:17,20,45,3,15
06:19:34,5,0,9,12
06:19:51,0,5,3,16
06:20:08,50,10,10,12
06:20:25,45,5,1,7
06:20:42,45,0,53,12
06:20:59,35,30,2,6
06:21:16,45,20,20,15
06:21:33,55,15,3,7
06:21:50,30,15,10,14
07:00:18,15,5,13,13
07:00:35,30,40,25,18
07:00:52,45,25,1,5
07:01:09,30,0,3,38
07:01:26,50,20,6,4
07:01:43,60,25,9,16
07:02:00,50,20,13,24
07:02:17,60,40,3,18
07:02:34,35,20,2,7
07:02:51,35,15,3,14
07:03:08,40,5,1,15
07:03:25,45,10,6,15
07:03:42,40,15,2,15
07:03:59,15,10,1,13
07:04:16,55,0,6,9
07:04:33,15,25,20,5
07:04:50,30,35,5,14
07:05:07,50,40,3,11
07:05:24,15,20,10,10
07:05:41,40,45,2,18
07:05:58,25,10,2,8
07:06:15,50,0,5,13
07:06:32,10,20,3,7
07:06:49,25,10,9,4
07:07:06,20,40,1,9
07:07:23,55,10,2,11
07:07:40,25,10,13,4
07:07:57,15,25,2,6
07:08:14,10,40,20,16
07:08:31,30,30,2,36
07:08:48,65,25,10,37
07:09:05,25,35,10,9
07:09:22,10,25,1,5
07:09:39,0,35,3,12
07:09:56,50,5,3,4
07:10:13,40,20,2,16
07:10:30,40,35,18,14
07:10:47,65,25,2,18
07:11:04,40,0,8,18
07:11:21,5,40,2,15
07:11:38,10,40,3,10
07:11:55,20,25,6,4
07:12:12,15,35,3,8
07:12:29,5,35,5,8
07:12:46,10,5,13,17
07:13:03,15,25,3,12
07:13:20,50,20,12,17
07:13:37,55,0,21,4
07:13:54,45,30,15,4
07:14:11,10,10,2,14
07:14:28,55,10,13,10
07:14:45,30,20,3,16
07:15:02,25,25,1,24
07:15:19,60,20,2,16
07:15:36,50,30,39,5
07:15:53,55,10,3,8
07:16:10,30,45,1,15
07:16:27,10,30,50,4
07:16:44,45,0,47,17
07:17:01,35,30,2,14
07:17:18,50,5,9,12
07:17:35,35,20,1,17
07:17:52,40,35,1,17
07:18:09,0,15,6,36
07:18:26,35,20,2,36
07:18:43,50,40,1,8
07:19:00,5,40,1,17
07:19:17,20,35,1,16
07:19:34,0,0,3,12
07:19:51,60,15,9,14
07:20:08,15,10,10,6
07:20:25,30,15,13,38
07:20:42,60,30,2,8
07:20:59,20,0,2,12
07:21:16,65,45,12,16
07:21:33,10,40,1,12
07:21:50,45,5,3,16
08:00:18,15,5,10,5
08:00:35,55,30,2,8
08:00:52,20,5,3,13
08:01:09,60,5,10,4
08:01:26,25,5,10,36
08:01:43,60,10,6,4
08:02:00,45,10,3,14
08:02:17,65,10,13,30
08:02:34,5,0,16,7
08:02:51,35,0,5,12
08:03:08,50,15,3,14
08:03:25,0,35,3,13
08:03:42,55,45,11,10
08:03:59,35,15,2,5
08:04:16,45,45,30,8
08:04:33,15,35,48,15
08:04:50,15,30,13,18
08:05:07,5,10,10,11
08:05:24,20,25,7,16
08:05:41,25,0,3,12
08:05:58,25,40,14,17
08:06:15,5,5,5,17
08:06:32,55,35,2,12
08:06:49,60,0,2,10
08:07:06,0,5,10,4
08:07:23,35,25,3,24
08:07:40,30,20,3,12
08:07:57,65,25,5,20
08:08:14,65,15,7,17
08:08:31,10,20,14,17
08:08:48,65,30,8,4
08:09:05,20,35,3,19
08:09:22,0,20,16,7
08:09:39,10,30,11,4
08:09:56,50,5,13,4
08:10:13,25,35,16,9
08:10:30,0,0,11,12
08:10:47,25,5,2,6
08:11:04,10,30,12,12
08:11:21,20,25,6,10
08:11:38,5,20,3,13
08:11:55,40,5,10,4
08:12:12,30,0,2,16
08:12:29,55,30,12,17
08:12:46,0,0,1,10
08:13:03,30,30,1,12
08:13:20,40,20,20,7
08:13:37,40,0,13,10
08:13:54,20,10,3,4
08:14:11,15,25,13,8
08:14:28,60,20,20,23
08:14:45,25,40,3,24
08:15:02,5,5,2,8
08:15:19,35,5,5,15
08:15:36,25,40,12,5
08:15:53,20,0,2,6
08:16:10,30,30,2,15
08:16:27,30,20,1,18
08:16:44,5,35,3,4
08:17:01,55,15,49,4
08:17:18,10,30,11,14
08:17:35,10,5,1,42
08:17:52,0,20,14,12
08:18:09,55,20,12,18
09:00:18,20,25,17,12
09:00:35,0,0,14,22
09:00:52,50,25,3,18
09:01:09,20,25,33,5
09:01:26,60,35,6,14
09:01:43,15,30,3,16
09:02:00,65,30,2,4
09:02:17,0,20,16,12
09:02:34,40,5,3,7
09:02:51,5,20,2,13
09:03:08,40,40,50,26
09:03:25,35,30,13,17
09:03:42,25,25,33,13
09:03:59,45,45,3,16
09:04:16,50,45,2,14
09:04:33,30,10,3,9
09:04:50,20,15,3,4
09:05:07,65,35,2,15
09:05:24,30,45,13,13
09:05:41,45,25,1,14
09:05:58,25,5,3,20
09:06:15,25,10,5,15
09:06:32,60,10,21,16
09:06:49,55,20,2,9
09:07:06,5,5,1,14
09:07:23,35,40,54,23
09:07:40,60,30,1,24
09:07:57,30,0,2,15
09:08:14,45,25,7,16
09:08:31,60,20,3,17
09:08:48,45,45,28,11
09:09:05,45,0,5,15
09:09:22,35,10,14,10
09:09:39,65,35,1,12
09:09:56,60,45,2,13
09:10:13,60,10,15,11
09:10:30,10,5,3,38
09:10:47,50,10,12,11
09:11:04,45,45,8,4
09:11:21,0,40,8,17
09:11:38,50,10,7,7
09:11:55,50,15,25,16
09:12:12,60,35,2,4
09:12:29,10,10,14,20
09:12:46,55,5,3,12
09:13:03,15,35,2,8
09:13:20,15,40,27,9
09:13:37,50,25,14,12
09:13:54,55,5,10,20
09:14:11,55,0,5,13
09:14:28,65,45,2,15
09:14:45,60,45,10,12
09:15:02,25,0,1,17
09:15:19,65,40,21,15
09:15:36,0,5,6,13
09:15:53,50,10,3,14
09:16:10,50,35,5,16
09:16:27,40,45,1,17
09:16:44,5,20,23,12
09:17:01,55,40,9,6
10:00:14,35,35,8,11
10:00:27,55,5,14,12
10:00:40,25,40,1,27
10:00:53,35,20,2,9
10:01:06,35,10,2,4
10:01:19,50,15,2,11
10:01:32,5,40,2,9
10:01:45,50,35,3,18
10:01:58,35,0,13,4
10:02:11,20,15,39,18
10:02:24,45,0,14,14
10:02:37,40,25,1,12
10:02:50,20,5,12,16
10:03:03,5,35,15,11
10:03:16,40,25,2,15
10:03:29,5,30,43,13
10:03:42,45,0,13,15
10:03:55,35,5,12,4
10:04:08,35,45,1,17
10:04:21,5,45,2,4
10:04:34,5,20,17,12
10:04:47,0,30,2,8
10:05:00,5,15,7,5
10:05:13,20,30,8,4
10:05:26,30,30,6,11
10:05:39,15,40,3,14
10:05:52,50,25,1,13
10:06:05,30,45,8,27
10:06:18,55,35,11,15
10:06:31,15,45,8,15
10:06:44,0,30,3,32
10:06:57,50,25,12,9
10:07:10,10,20,1,7
10:07:23,30,30,1,18
10:07:36,60,30,1,13
10:07:49,20,40,2,8
10:08:02,55,5,2,18
10:08:15,40,40,18,14
10:08:28,35,20,3,12
10:08:41,65,15,10,16
10:08:54,55,40,10,24
10:09:07,35,35,1,15
10:09:20,55,35,3,9
10:09:33,65,45,7,13
10:09:46,55,0,7,18
10:09:59,55,5,1,24
10:10:12,40,30,14,14
10:10:25,65,35,8,4
10:10:38,15,5,11,14
10:10:51,35,5,10,24
10:11:04,15,0,3,4
10:11:17,60,30,15,5
10:11:30,15,10,2,14
10:11:43,35,35,2,14
10:11:56,45,5,22,7
10:12:09,55,10,9,8
10:12:22,25,15,1,16
10:12:35,40,25,6,15
10:12:48,30,25,3,12
10:13:01,45,20,6,13
10:13:14,15,40,1,4
10:13:27,25,45,3,27
10:13:40,0,0,21,17
10:13:53,10,15,1,6
10:14:06,30,45,1,12
10:14:19,35,40,12,4
10:14:32,10,0,17,13
10:14:45,65,10,2,4
10:14:58,25,40,7,12
10:15:11,20,10,13,24
10:15:24,25,30,14,33
10:15:37,35,25,3,16
10:15:50,45,30,3,18
10:16:03,55,15,12,11
10:16:16,40,30,10,39
10:16:29,65,45,15,4
10:16:42,5,45,7,11
10:16:55,65,10,9,6
11:00:14,20,15,1,9
11:00:27,50,25,3,10
11:00:40,15,25,24,19
11:00:53,55,20,17,14
11:01:06,25,5,22,6
11:01:19,25,40,18,11
11:01:32,40,10,7,15
11:01:45,25,10,11,17
11:01:58,40,30,9,12
11:02:11,5,20,14,4
11:02:24,40,5,2,4
11:02:37,50,10,1,39
11:02:50,30,25,30,15
11:03:03,45,30,2,15
11:03:16,45,40,7,12
11:03:29,50,25,3,4
11:03:42,40,15,22,12
11:03:55,35,15,3,12
11:04:08,65,35,9,10
11:04:21,20,35,3,18
11:04:34,65,40,5,12
11:04:47,10,25,29,11
11:05:00,35,25,2,12
11:05:13,30,45,10,16
11:05:26,55,5,1,11
11:05:39,25,5,20,16
11:05:52,45,10,5,11
11:06:05,30,20,1,6
11:06:18,65,40,2,18
11:06:31,50,45,2,12
11:06:44,55,15,7,18
11:06:57,65,10,2,9
11:07:10,10,30,16,8
11:07:23,30,25,13,14
11:07:36,30,30,2,18
11:07:49,35,45,14,10
11:08:02,65,0,1,13
11:08:15,20,10,2,13
11:08:28,55,15,1,15
11:08:41,40,30,11,18
11:08:54,65,25,17,4
11:09:07,65,35,46,14
11:09:20,20,15,1,21
11:09:33,50,25,1,12
11:09:46,35,20,13,7
11:09:59,15,20,9,12
11:10:12,30,10,14,18
11:10:25,0,35,13,9
11:10:38,45,5,7,4
11:10:51,65,5,1,4
11:11:04,45,0,6,16
11:11:17,25,5,14,7
11:11:30,60,10,8,14
11:11:43,60,25,9,12
11:11:56,65,15,14,8
11:12:09,65,0,1,13
11:12:22,65,45,2,39
11:12:35,65,30,2,4
11:12:48,25,10,7,11
11:13:01,40,0,3,18
11:13:14,30,30,12,15
11:13:27,5,15,14,12
11:13:40,0,10,1,18
11:13:53,65,10,2,11
11:14:06,65,10,52,42
11:14:19,40,0,3,27
12:00:14,5,45,3,4
12:00:27,20,0,1,14
12:00:40,35,25,1,24
12:00:53,15,20,1,4
12:01:06,25,5,11,8
12:01:19,20,25,3,12
12:01:32,55,10,3,12
12:01:45,60,45,8,15
12:01:58,15,0,6,12
12:02:11,30,15,3,13
12:02:24,15,35,2,12
12:02:37,60,20,3,4
12:02:50,20,35,11,14
12:03:03,65,30,3,4
12:03:16,35,10,2,5
12:03:29,25,10,1,15
12:03:42,5,15,24,5
12:03:55,0,15,1,8
12:04:08,10,40,8,13
12:04:21,20,20,12,16
12:04:34,35,35,2,14
12:04:47,30,20,2,4
12:05:00,25,35,45,9
12:05:13,5,15,41,9
12:05:26,40,0,7,34
12:05:39,0,30,19,4
12:05:52,30,45,1,6
12:06:05,0,15,2,12
12:06:18,15,40,15,24
12:06:31,45,0,1,8
12:06:44,60,0,13,17
12:06:57,35,40,1,7
12:07:10,60,10,26,10
12:07:23,20,10,20,6
12:07:36,55,5,13,31
12:07:49,10,15,23,17
12:08:02,45,40,10,4
12:08:15,35,25,3,20
12:08:28,40,20,1,15
12:08:41,30,5,2,17
12:08:54,0,30,6,16
12:09:07,60,30,9,16
12:09:20,50,20,14,4
12:09:33,30,35,18,14
12:09:46,35,5,2,9
12:09:59,40,25,6,15
12:10:12,45,20,2,16
12:10:25,15,5,2,8
12:10:38,35,10,2,8
12:10:51,35,30,13,7
12:11:04,40,40,9,9
12:11:17,20,30,3,4
12:11:30,40,0,45,14
12:11:43,10,35,3,28
12:11:56,55,0,2,9
12:12:09,50,25,2,12
12:12:22,20,20,2,18
12:12:35,5,40,2,4
12:12:48,25,25,5,15
12:13:01,25,35,1,7
12:13:14,55,5,7,6
12:13:27,60,40,12,41
12:13:40,25,25,3,15
12:13:53,50,30,10,13
12:14:06,45,40,3,33
12:14:19,15,45,28,11
12:14:32,55,30,12,17
12:14:45,25,10,3,17
12:14:58,45,30,9,17
12:15:11,25,30,5,17
12:15:24,60,45,3,5
12:15:37,25,5,18,16
12:15:50,40,40,52,17
13:00:14,15,30,1,12
13:00:27,35,45,1,16
13:00:40,35,0,2,24
13:00:53,60,10,9,16
13:01:06,50,30,2,8
13:01:19,45,0,3,16
13:01:32,30,25,14,18
13:01:45,20,0,12,15
13:01:58,50,5,12,18
13:02:11,5,25,1,14
13:02:24,35,5,9,16
13:02:37,15,20,14,10
13:02:50,55,10,7,24
13:03:03,15,40,3,18
13:03:16,25,5,5,7
13:03:29,60,10,2,8
13:03:42,50,30,7,4
13:03:55,5,0,3,4
13:04:08,65,30,12,30
13:04:21,40,20,53,12
13:04:34,35,40,7,14
13:04:47,20,10,13,4
13:05:00,5,35,11,7
13:05:13,20,45,13,16
13:05:26,30,15,12,31
13:05:39,60,0,2,18
13:05:52,10,5,1,7
13:06:05,60,15,12,6
13:06:18,60,0,6,12
13:06:31,35,30,13,15
13:06:44,35,5,13,4
13:06:57,50,20,13,10
13:07:10,45,30,21,4
13:07:23,20,20,15,14
13:07:36,45,10,1,18
13:07:49,50,30,2,13
13:08:02,45,40,16,17
13:08:15,50,0,5,12
13:08:28,5,5,11,38
13:08:41,30,20,3,8
13:08:54,60,30,1,17
13:09:07,0,10,3,8
13:09:20,60,10,6,4
13:09:33,40,25,3,9
13:09:46,25,15,41,25
13:09:59,25,35,1,18
13:10:12,65,0,3,9
13:10:25,40,40,3,14
13:10:38,40,15,3,4
13:10:51,15,10,2,8
13:11:04,25,0,36,24
13:11:17,0,45,9,13
13:11:30,10,45,1,9
13:11:43,15,10,9,13
13:11:56,20,5,9,15
13:12:09,55,40,9,4
13:12:22,25,25,13,8
13:12:35,55,5,3,4
13:12:48,50,10,9,16
13:13:01,10,0,3,18
13:13:14,60,30,3,18
13:13:27,20,5,2,11
13:13:40,30,25,2,10
13:13:53,20,10,1,4
13:14:06,0,35,2,13
13:14:19,0,30,3,14
13:14:32,25,10,7,6
13:14:45,5,25,7,14
13:14:58,0,20,2,5
13:15:11,55,10,2,15
13:15:24,40,0,2,11
13:15:37,60,40,5,5
13:15:50,50,20,11,13
13:16:03,60,30,3,17
13:16:16,50,10,5,6
13:16:29,5,45,5,4
13:16:42,65,45,17,4
13:16:55,65,15,11,16
13:17:08,10,0,2,13
13:17:21,60,40,13,11
13:17:34,35,20,14,13
13:17:47,35,40,6,29
14:00:14,25,15,1,5
14:00:27,25,45,9,17
14:00:40,25,20,14,17
14:00:53,60,15,1,30
14:01:06,30,15,38,15
14:01:19,10,25,11,14
14:01:32,55,45,13,12
14:01:45,20,10,41,8
14:01:58,60,15,2,9
14:02:11,55,10,14,12
14:02:24,35,20,22,6
14:02:37,25,10,6,13
14:02:50,0,5,1,6
14:03:03,60,20,3,21
14:03:16,35,10,3,24
14:03:29,5,0,3,15
14:03:42,30,30,6,14
14:03:55,60,35,2,12
14:04:08,60,35,2,11
14:04:21,50,30,1,13
14:04:34,65,20,6,24
14:04:47,0,5,3,17
14:05:00,30,20,3,4
14:05:13,0,5,2,13
14:05:26,65,45,8,8
14:05:39,10,40,1,16
14:05:52,20,30,14,34
14:06:05,35,5,11,31
14:06:18,35,10,3,11
14:06:31,35,45,11,5
14:06:44,30,20,10,10
14:06:57,60,0,6,18
14:07:10,50,15,2,15
14:07:23,55,10,3,17
14:07:36,10,45,5,33
14:07:49,50,0,2,10
14:08:02,35,15,1,15
14:08:15,60,0,1,5
14:08:28,55,10,13,6
14:08:41,40,5,2,15
14:08:54,65,25,17,16
14:09:07,35,45,7,18
14:09:20,20,5,2,12
14:09:33,50,15,51,13
14:09:46,0,45,12,14
14:09:59,65,20,3,14
14:10:12,65,30,2,10
14:10:25,25,0,53,32
14:10:38,20,0,1,8
14:10:51,25,5,8,4
14:11:04,60,10,2,16
14:11:17,25,20,2,31
14:11:30,35,40,22,20
14:11:43,50,45,12,24
14:11:56,40,10,1,6
14:12:09,55,0,1,18
14:12:22,15,25,11,17
14:12:35,35,45,12,12
14:12:48,10,15,3,11
14:13:01,60,5,10,11
14:13:14,65,0,1,11
14:13:27,15,30,10,14
14:13:40,25,45,1,12
14:13:53,40,35,11,16
14:14:06,65,25,8,4
14:14:19,50,10,13,18
14:14:32,50,45,13,6
14:14:45,15,30,2,16
14:14:58,10,30,2,9
14:15:11,15,20,8,27
14:15:24,65,0,2,15
14:15:37,50,35,5,30
14:15:50,35,20,3,14
14:16:03,55,20,10,4
14:16:16,45,30,7,9
14:16:29,15,5,9,20
14:16:42,5,25,34,39
15:00:14,30,30,1,12
15:00:27,55,10,20,15
15:00:40,50,10,7,13
15:00:53,40,0,7,14
15:01:06,55,40,1,18
15:01:19,25,0,15,17
15:01:32,30,10,2,9
15:01:45,25,40,1,15
15:01:58,10,10,1,42
15:02:11,20,25,2,12
15:02:24,30,15,1,5
15:02:37,35,35,1,4
15:02:50,65,20,6,6
15:03:03,65,10,2,16
15:03:16,15,10,2,4
15:03:29,65,15,2,4
15:03:42,25,10,5,10
15:03:55,40,40,3,17
15:04:08,60,40,34,11
15:04:21,60,5,49,16
15:04:34,55,45,17,13
15:04:47,35,35,7,7
15:05:00,55,10,6,12
15:05:13,60,10,14,18
15:05:26,30,35,2,10
15:05:39,25,25,11,17
15:05:52,40,20,6,4
15:06:05,25,25,2,15
15:06:18,15,20,13,12
15:06:31,25,35,1,18
15:06:44,25,40,17,15
15:06:57,55,10,14,16
15:07:10,10,30,2,12
15:07:23,35,0,13,10
15:07:36,35,30,9,9
15:07:49,60,10,3,10
15:08:02,25,25,24,4
15:08:15,5,10,2,18
15:08:28,65,35,39,26
15:08:41,65,25,10,13
15:08:54,55,40,5,11
15:09:07,40,0,14,15
15:09:20,25,5,2,16
15:09:33,10,45,9,12
15:09:46,15,30,3,4
15:09:59,0,10,11,15
15:10:12,30,35,2,15
15:10:25,40,45,6,14
15:10:38,50,20,3,12
15:10:51,65,35,22,6
15:11:04,60,15,14,7
15:11:17,30,25,13,35
15:11:30,50,25,2,10
15:11:43,0,5,8,13
15:11:56,25,20,2,4
15:12:09,5,10,1,16
15:12:22,20,0,1,8
15:12:35,45,30,3,14
15:12:48,60,15,8,4
15:13:01,45,20,6,12
15:13:14,45,40,11,17
15:13:27,10,30,2,8
15:13:40,45,40,2,12
15:13:53,30,30,3,20
15:14:06,45,10,3,24
15:14:19,40,0,3,4
15:14:32,35,20,1,4
15:14:45,65,40,2,9
15:14:58,0,35,1,7
15:15:11,5,5,9,4
15:15:24,40,45,7,12
15:15:37,20,35,9,23
15:15:50,25,20,6,8
15:16:03,20,15,3,7
15:16:16,65,15,2,17
15:16:29,40,30,9,7
15:16:42,20,30,5,15
15:16:55,55,30,3,40
15:17:08,35,45,5,17
15:17:21,50,45,6,18
15:17:34,0,20,9,4
15:17:47,60,10,2,25
15:18:00,60,40,3,5
15:18:13,55,10,2,14
15:18:26,55,0,3,10
15:18:39,60,5,1,37
15:18:52,15,0,7,41
15:19:05,35,10,6,17
15:19:18,35,45,8,12
15:19:31,40,30,3,11
15:19:44,55,5,22,4
15:19:57,35,40,3,13
15:20:10,20,35,13,15
16:00:14,40,10,7,9
16:00:27,0,10,3,34
16:00:40,0,20,1,13
16:00:53,15,15,3,12
16:01:06,60,40,6,4
16:01:19,25,40,2,17
16:01:32,10,15,1,11
16:01:45,60,10,3,4
16:01:58,25,5,1,11
16:02:11,45,40,2,22
16:02:24,10,10,1,13
16:02:37,40,20,2,16
16:02:50,25,30,9,16
16:03:03,5,40,23,12
16:03:16,15,25,1,19
16:03:29,50,20,1,15
16:03:42,40,0,7,4
16:03:55,45,45,14,14
16:04:08,55,5,14,30
16:04:21,25,5,32,18
16:04:34,0,30,20,8
16:04:47,30,25,12,14
16:05:00,0,20,12,17
16:05:13,20,10,1,17
16:05:26,15,25,15,12
16:05:39,30,15,15,15
16:05:52,10,30,23,37
16:06:05,60,0,24,12
16:06:18,20,0,1,9
16:06:31,45,15,2,16
16:06:44,15,15,3,18
16:06:57,55,45,3,6
16:07:10,30,10,11,14
16:07:23,5,10,8,24
16:07:36,30,0,20,12
16:07:49,45,15,13,5
16:08:02,40,45,2,10
16:08:15,25,10,20,7
16:08:28,30,20,34,12
16:08:41,55,30,14,14
16:08:54,0,10,2,12
16:09:07,30,40,10,12
16:09:20,25,40,1,5
16:09:33,60,20,12,6
16:09:46,60,10,11,13
16:09:59,50,10,8,16
16:10:12,20,45,2,13
16:10:25,35,5,7,12
16:10:38,30,25,13,15
16:10:51,60,45,6,4
16:11:04,0,25,1,13
16:11:17,65,20,9,12
16:11:30,5,40,3,17
16:11:43,50,20,2,14
16:11:56,25,25,7,6
16:12:09,15,40,2,17
16:12:22,25,0,20,12
16:12:35,20,10,3,12
16:12:48,30,40,2,10
16:13:01,5,20,1,15
16:13:14,60,5,9,13
16:13:27,30,40,3,16
16:13:40,45,15,1,15
16:13:53,0,0,9,13
16:14:06,30,15,2,18
16:14:19,45,45,6,8
16:14:32,5,40,2,16
16:14:45,25,10,12,12
16:14:58,45,5,2,8
16:15:11,35,15,3,12
16:15:24,60,10,2,4
16:15:37,40,40,13,15
16:15:50,0,15,10,11
16:16:03,55,15,13,15
16:16:16,55,15,2,10
16:16:29,55,35,3,13
16:16:42,20,30,12,9
16:16:55,5,25,6,15
16:17:08,35,15,1,7
16:17:21,60,15,2,6
16:17:34,40,25,2,10
16:17:47,15,5,9,16
16:18:00,15,45,2,8
16:18:13,35,5,11,12
16:18:26,50,45,9,13
16:18:39,20,20,5,8
16:18:52,0,15,18,31
16:19:05,20,45,12,18
16:19:18,45,45,1,16
16:19:31,45,35,13,14
17:00:14,10,30,13,5
17:00:27,30,5,20,29
17:00:40,25,15,21,18
17:00:53,65,20,6,4
17:01:06,35,40,1,7
17:01:19,60,40,14,12
17:01:32,15,15,13,18
17:01:45,20,5,1,6
17:01:58,40,45,3,11
17:02:11,30,30,9,9
17:02:24,20,25,3,17
17:02:37,65,10,2,10
17:02:50,35,15,5,15
17:03:03,15,30,13,13
17:03:16,55,25,13,10
17:03:29,10,25,1,12
17:03:42,45,25,13,13
17:03:55,5,5,2,4
17:04:08,0,20,12,12
17:04:21,0,20,13,17
17:04:34,40,35,14,9
17:04:47,15,10,8,7
17:05:00,55,20,10,4
17:05:13,0,30,2,6
17:05:26,10,30,11,8
17:05:39,30,20,3,12
17:05:52,40,40,14,8
17:06:05,25,40,10,14
17:06:18,25,20,10,13
17:06:31,65,45,2,33
17:06:44,55,45,3,14
17:06:57,50,45,1,16
17:07:10,60,40,9,18
17:07:23,10,30,14,7
17:07:36,35,45,1,12
17:07:49,40,40,5,13
17:08:02,15,0,1,16
17:08:15,45,20,33,24
17:08:28,20,5,23,15
17:08:41,30,5,1,18
17:08:54,45,30,12,4
17:09:07,10,0,32,12
17:09:20,30,20,13,27
17:09:33,35,20,3,4
17:09:46,15,30,3,13
17:09:59,5,20,3,14
17:10:12,65,35,2,30
17:10:25,30,5,9,5
17:10:38,55,35,17,6
17:10:51,45,20,32,5
17:11:04,60,45,1,15
17:11:17,60,35,8,15
17:11:30,30,10,8,12
17:11:43,35,40,13,16
17:11:56,30,25,1,8
17:12:09,0,40,3,16
17:12:22,35,25,9,13
17:12:35,25,5,9,6
17:12:48,45,30,41,35
17:13:01,10,10,1,10
17:13:14,10,35,1,34
17:13:27,65,45,7,4
17:13:40,35,25,1,10
17:13:53,25,35,10,4
17:14:06,10,0,3,16
17:14:19,25,15,8,11
17:14:32,0,10,10,15
17:14:45,5,40,16,24
17:14:58,55,20,1,12
17:15:11,20,30,7,16
17:15:24,50,45,13,4
17:15:37,65,15,13,17
17:15:50,65,35,14,28
17:16:03,40,30,2,15
17:16:16,50,5,6,12
17:16:29,30,45,1,17
17:16:42,20,25,19,12
17:16:55,55,0,3,4
17:17:08,10,30,5,39
18:00:14,35,20,7,18
18:00:27,10,15,3,16
18:00:40,60,20,7,6
18:00:53,0,25,5,18
18:01:06,30,10,3,12
18:01:19,45,45,12,11
18:01:32,60,25,2,15
18:01:45,25,35,7,12
18:01:58,20,10,2,30
18:02:11,0,25,7,16
18:02:24,40,20,44,4
18:02:37,0,25,1,6
18:02:50,5,45,47,40
18:03:03,40,45,21,10
18:03:16,40,45,36,6
18:03:29,20,10,5,14
18:03:42,30,40,11,4
18:03:55,60,25,14,5
18:04:08,25,5,1,12
18:04:21,15,5,6,18
18:04:34,15,5,2,10
18:04:47,35,15,1,7
18:05:00,25,20,11,12
18:05:13,25,15,11,24
18:05:26,65,30,2,18
18:05:39,55,15,10,7
18:05:52,10,15,1,31
18:06:05,55,20,2,18
18:06:18,25,20,5,4
18:06:31,15,25,15,18
18:06:44,0,45,12,40
18:06:57,45,5,3,4
18:07:10,40,45,2,15
18:07:23,40,0,13,7
18:07:36,45,15,22,19
18:07:49,50,40,1,12
18:08:02,20,35,3,12
18:08:15,10,10,3,15
18:08:28,0,35,3,4
18:08:41,10,35,2,9
18:08:54,25,0,3,24
18:09:07,60,35,3,4
18:09:20,0,5,9,15
18:09:33,0,0,1,11
18:09:46,60,25,50,12
18:09:59,15,40,7,5
18:10:12,20,10,2,31
18:10:25,10,25,1,16
18:10:38,40,15,1,12
18:10:51,65,40,16,41
18:11:04,10,15,23,9
18:11:17,30,20,1,15
18:11:30,55,0,3,16
18:11:43,30,20,10,9
18:11:56,25,25,9,14
18:12:09,15,40,1,12
18:12:22,45,5,7,13
18:12:35,5,40,1,18
18:12:48,65,30,14,15
18:13:01,0,40,1,15
18:13:14,30,35,13,13
18:13:27,65,5,3,14
18:13:40,30,40,2,33
18:13:53,0,20,5,37
18:14:06,20,35,1,4
18:14:19,30,10,3,36
18:14:32,55,45,19,7
18:14:45,0,45,3,14
18:14:58,15,40,21,13
18:15:11,40,5,2,22
18:15:24,25,40,1,16
18:15:37,0,0,3,41
18:15:50,40,25,1,12
18:16:03,60,40,2,4
18:16:16,30,10,12,12
18:16:29,5,5,5,18
18:16:42,40,25,9,13
18:16:55,25,15,5,15
18:17:08,0,45,2,9
18:17:21,55,15,2,17
18:17:34,65,15,3,10
18:17:47,45,0,1,15
18:18:00,55,35,7,12
18:18:13,5,25,3,4
18:18:26,10,25,12,5
18:18:39,15,25,3,18
18:18:52,40,40,2,8
18:19:05,30,15,3,14
18:19:18,50,20,1,16
18:19:31,0,15,6,36
18:19:44,15,5,12,25
18:19:57,45,40,6,17
18:20:10,15,0,8,8
18:20:23,25,20,1,8
18:20:36,65,40,2,17
18:20:49,50,25,9,12
18:21:02,35,25,12,17
19:00:14,35,30,2,17
19:00:27,30,25,2,13
19:00:40,50,40,2,6
19:00:53,55,15,19,11
19:01:06,0,0,3,15
19:01:19,35,40,2,16
19:01:32,45,10,10,5
19:01:45,5,5,2,14
19:01:58,40,0,7,9
19:02:11,15,5,18,4
19:02:24,0,15,7,16
19:02:37,45,10,13,13
19:02:50,25,15,9,41
19:03:03,40,20,9,4
19:03:16,60,35,3,16
19:03:29,20,10,19,12
19:03:42,55,15,3,18
19:03:55,35,45,1,5
19:04:08,20,45,10,6
19:04:21,65,40,7,11
19:04:34,15,5,2,14
19:04:47,55,25,17,10
19:05:00,35,20,5,12
19:05:13,65,30,3,8
19:05:26,55,45,3,14
19:05:39,15,45,14,17
19:05:52,20,10,3,17
19:06:05,30,45,1,4
19:06:18,25,45,3,11
19:06:31,65,0,1,17
19:06:44,5,30,19,28
19:06:57,25,45,2,17
19:07:10,0,10,6,28
19:07:23,40,45,12,15
19:07:36,30,30,17,23
19:07:49,55,10,3,10
19:08:02,60,5,1,12
19:08:15,25,25,3,13
19:08:28,15,25,9,14
19:08:41,60,5,1,16
19:08:54,35,0,14,10
19:09:07,65,20,11,7
19:09:20,0,0,13,4
19:09:33,0,20,2,14
19:09:46,15,25,9,14
19:09:59,0,15,2,13
19:10:12,0,10,8,24
19:10:25,0,35,13,41
19:10:38,55,15,3,12
19:10:51,65,15,23,5
19:11:04,0,40,7,15
19:11:17,15,45,5,7
19:11:30,5,35,3,20
19:11:43,65,30,2,35
19:11:56,30,20,1,4
19:12:09,40,20,5,10
19:12:22,10,35,2,6
19:12:35,50,5,2,14
19:12:48,5,20,8,12
19:13:01,45,0,1,12
19:13:14,5,5,46,8
19:13:27,35,15,12,12
19:13:40,60,35,7,18
19:13:53,15,10,51,17
19:14:06,0,45,14,8
19:14:19,30,20,1,15
19:14:32,35,10,8,4
19:14:45,50,35,2,12
19:14:58,65,10,20,12
19:15:11,20,45,3,12
19:15:24,25,30,11,4
19:15:37,10,10,3,13
19:15:50,40,35,2,15
19:16:03,60,5,3,8
19:16:16,45,35,18,21
19:16:29,25,25,2,9
19:16:42,5,15,6,12
19:16:55,0,35,24,10
19:17:08,0,40,6,24
19:17:21,45,20,9,4
19:17:34,0,5,1,12
19:17:47,20,10,3,18
19:18:00,5,45,2,4
19:18:13,20,25,12,5
19:18:26,50,45,14,15
19:18:39,60,0,3,10
19:18:52,10,10,23,29
19:19:05,50,0,2,4
19:19:18,40,35,1,22
19:19:31,10,20,10,4
19:19:44,55,0,14,16
20:00:14,35,0,3,13
20:00:27,25,0,8,27
20:00:40,5,25,12,7
20:00:53,15,10,1,13
20:01:06,0,10,1,6
20:01:19,15,20,2,21
20:01:32,0,20,8,15
20:01:45,55,35,7,5
20:01:58,0,0,30,14
20:02:11,40,0,38,17
20:02:24,60,0,3,18
20:02:37,55,5,3,4
20:02:50,40,15,3,16
20:03:03,5,35,1,15
20:03:16,60,10,3,31
20:03:29,40,45,2,11
20:03:42,55,35,2,17
20:03:55,15,0,13,14
20:04:08,65,25,1,24
20:04:21,50,25,2,14
20:04:34,25,15,1,14
20:04:47,65,5,3,7
20:05:00,45,20,2,14
20:05:13,50,0,7,15
20:05:26,55,0,3,27
20:05:39,55,20,2,14
20:05:52,40,40,14,4
20:06:05,25,10,1,12
20:06:18,60,40,14,26
20:06:31,5,20,21,8
20:06:44,15,30,2,13
20:06:57,40,25,1,25
20:07:10,20,45,1,18
20:07:23,55,35,14,16
20:07:36,40,10,10,15
20:07:49,45,30,13,16
20:08:02,25,5,2,12
20:08:15,15,15,14,15
20:08:28,60,35,50,32
20:08:41,45,40,21,15
20:08:54,30,5,2,12
20:09:07,0,40,11,16
20:09:20,25,35,13,17
20:09:33,45,35,2,10
20:09:46,55,35,1,12
20:09:59,30,20,2,13
20:10:12,0,20,2,18
20:10:25,60,30,7,6
20:10:38,65,15,1,10
20:10:51,0,35,6,11
20:11:04,10,0,17,6
20:11:17,5,40,14,10
20:11:30,35,0,3,4
20:11:43,55,0,3,13
20:11:56,20,0,27,12
20:12:09,45,15,1,12
20:12:22,10,35,1,15
20:12:35,40,45,3,16
20:12:48,40,5,3,4
20:13:01,20,5,14,4
20:13:14,40,15,14,18
20:13:27,10,15,7,14
20:13:40,55,15,15,16
20:13:53,60,45,40,9
20:14:06,30,40,14,4
20:14:19,20,0,6,14
20:14:32,25,35,13,16
20:14:45,15,25,10,12
20:14:58,20,30,1,12
20:15:11,50,10,2,12
20:15:24,50,40,1,17
20:15:37,35,35,2,12
20:15:50,60,20,2,16
20:16:03,25,10,1,16
20:16:16,5,40,2,17
20:16:29,60,20,5,7
20:16:42,60,15,1,15
20:16:55,45,35,10,11
20:17:08,65,20,1,14
20:17:21,55,25,5,10
20:17:34,40,35,5,4
20:17:47,55,5,42,30
20:18:00,10,15,5,16
20:18:13,60,40,45,4
20:18:26,25,10,5,12
20:18:39,45,45,1,4
20:18:52,35,35,3,12
20:19:05,45,45,11,12
20:19:18,65,30,1,15
20:19:31,5,10,6,16
20:19:44,35,45,2,12
20:19:57,20,5,3,8
21:00:14,40,35,8,12
21:00:27,25,10,13,15
21:00:40,0,20,1,10
21:00:53,65,40,10,24
21:01:06,10,35,26,18
21:01:19,25,5,9,11
21:01:32,30,15,22,16
21:01:45,20,20,6,8
21:01:58,0,25,19,12
21:02:11,0,15,10,5
21:02:24,65,35,2,10
21:02:37,5,25,49,12
21:02:50,45,45,3,5
21:03:03,20,30,17,11
21:03:16,0,25,19,13
21:03:29,15,5,1,13
21:03:42,40,45,3,17
21:03:55,25,20,1,12
21:04:08,55,5,5,5
21:04:21,45,20,2,17
21:04:34,55,0,11,33
21:04:47,10,40,6,18
21:05:00,25,25,7,10
21:05:13,60,30,12,9
21:05:26,40,30,22,4
21:05:39,45,45,2,8
21:05:52,5,25,12,8
21:06:05,35,25,2,4
21:06:18,25,0,10,16
21:06:31,35,40,11,13
21:06:44,10,20,3,21
21:06:57,0,45,13,13
21:07:10,15,25,2,12
21:07:23,30,15,1,24
21:07:36,35,25,14,4
21:07:49,60,25,2,17
21:08:02,20,10,24,5
21:08:15,40,15,1,12
21:08:28,30,30,1,13
21:08:41,50,10,3,6
21:08:54,35,10,1,5
21:09:07,20,40,1,18
21:09:20,10,35,1,15
21:09:33,30,40,2,6
21:09:46,5,5,31,14
21:09:59,65,35,1,9
21:10:12,0,25,3,13
21:10:25,60,25,2,41
21:10:38,65,35,16,18
21:10:51,60,25,15,4
21:11:04,0,45,11,15
21:11:17,65,0,2,14
21:11:30,50,20,18,4
21:11:43,65,35,5,18
21:11:56,35,5,1,12
21:12:09,10,5,6,13
21:12:22,5,20,1,7
21:12:35,65,15,24,12
21:12:48,40,15,1,40
21:13:01,40,40,11,10
21:13:14,30,15,2,8
21:13:27,40,40,2,13
21:13:40,65,15,3,12
21:13:53,40,0,1,18
21:14:06,20,5,1,9
21:14:19,60,15,1,15
21:14:32,10,35,12,21
21:14:45,45,15,2,5
21:14:58,10,25,3,12
21:15:11,35,0,10,17
21:15:24,0,40,1,9
21:15:37,10,40,3,11
21:15:50,50,30,8,14
21:16:03,45,30,13,13
21:16:16,10,15,1,18
21:16:29,15,45,24,14
21:16:42,40,0,8,15
21:16:55,20,30,10,17
21:17:08,20,10,3,16
21:17:21,35,0,35,15
21:17:34,15,20,13,9
21:17:47,65,30,8,16
21:18:00,40,10,8,4
21:18:13,40,40,2,18
21:18:26,25,45,7,6
21:18:39,35,5,11,4
21:18:52,50,5,11,18
21:19:05,40,40,3,8
21:19:18,35,20,10,8
21:19:31,45,0,3,20
21:19:44,45,0,13,4
22:00:14,35,20,1,14
22:00:27,15,45,9,4
22:00:40,0,5,3,13
22:00:53,30,10,21,14
22:01:06,15,20,2,37
22:01:19,25,45,21,12
22:01:32,15,40,1,26
22:01:45,20,45,21,14
22:01:58,45,0,22,17
22:02:11,65,45,3,35
22:02:24,0,20,7,10
22:02:37,10,30,23,16
22:02:50,35,40,9,17
22:03:03,45,40,2,15
22:03:16,30,0,2,18
22:03:29,40,0,12,17
22:03:42,0,40,6,14
22:03:55,10,10,17,6
22:04:08,20,25,5,5
22:04:21,0,20,10,13
22:04:34,25,25,10,8
22:04:47,60,10,9,12
22:05:00,15,0,9,12
22:05:13,65,25,1,8
22:05:26,25,45,3,5
22:05:39,35,40,2,14
22:05:52,5,25,3,18
22:06:05,5,10,7,11
22:06:18,60,0,9,16
22:06:31,55,0,3,4
22:06:44,35,45,3,17
22:06:57,30,45,11,11
22:07:10,50,30,2,12
22:07:23,25,40,9,12
22:07:36,15,35,8,13
22:07:49,40,10,5,16
22:08:02,0,10,1,25
22:08:15,50,25,9,18
22:08:28,55,25,8,15
22:08:41,25,30,14,17
22:08:54,45,10,1,17
22:09:07,10,0,12,4
22:09:20,25,40,1,12
22:09:33,0,0,7,14
22:09:46,30,35,3,13
22:09:59,40,45,28,4
22:10:12,0,20,13,4
22:10:25,40,25,2,17
22:10:38,5,20,5,15
22:10:51,35,30,1,10
22:11:04,35,45,6,11
22:11:17,5,10,1,13
22:11:30,40,15,1,11
22:11:43,65,40,1,16
22:11:56,15,20,15,14
22:12:09,55,25,3,12
22:12:22,35,15,12,4
22:12:35,10,5,6,5
22:12:48,30,25,3,8
22:13:01,60,40,49,16
22:13:14,15,40,13,12
22:13:27,15,5,2,16
22:13:40,60,35,10,11
22:13:53,50,20,9,12
22:14:06,30,25,11,13
22:14:19,0,25,5,14
22:14:32,25,45,8,5
22:14:45,50,0,2,12
22:14:58,20,5,17,24
22:15:11,60,10,19,14
22:15:24,50,45,12,4
22:15:37,40,25,2,14
22:15:50,0,0,3,26
22:16:03,60,35,3,7
22:16:16,45,15,8,18
22:16:29,25,5,5,13
22:16:42,35,5,2,13
22:16:55,55,0,3,17
22:17:08,10,40,2,15
22:17:21,10,10,3,36
22:17:34,20,25,9,16
22:17:47,5,0,5,8
22:18:00,35,5,14,15
22:18:13,0,40,1,16
22:18:26,15,45,9,15
22:18:39,35,10,3,16
22:18:52,50,10,14,4
22:19:05,50,10,1,12
22:19:18,50,15,8,36
22:19:31,35,20,8,12
22:19:44,40,25,2,13
22:19:57,0,10,3,12
22:20:10,50,35,12,4
22:20:23,25,20,1,13
22:20:36,65,25,1,20
22:20:49,65,15,10,12
22:21:02,45,5,10,13
22:21:15,15,20,24,17
22:21:28,55,25,3,18
22:21:41,5,20,15,14
23:00:14,40,40,13,14
23:00:27,55,35,12,4
23:00:40,60,30,8,4
23:00:53,25,45,3,4
23:01:06,20,45,10,24
23:01:19,25,40,2,14
23:01:32,15,30,1,11
23:01:45,20,25,8,14
23:01:58,60,5,11,12
23:02:11,30,30,2,16
23:02:24,10,20,10,14
23:02:37,35,25,3,4
23:02:50,60,15,1,17
23:03:03,30,5,1,17
23:03:16,50,45,8,13
23:03:29,5,0,8,9
23:03:42,45,35,10,12
23:03:55,65,0,14,11
23:04:08,55,5,48,9
23:04:21,0,10,2,15
23:04:34,20,35,13,41
23:04:47,20,40,17,5
23:05:00,60,0,2,12
23:05:13,5,10,44,11
23:05:26,60,5,42,15
23:05:39,15,40,6,8
23:05:52,40,0,3,15
23:06:05,10,30,8,12
23:06:18,20,35,3,12
23:06:31,60,0,15,42
23:06:44,40,5,2,17
23:06:57,5,20,6,16
23:07:10,50,10,5,15
23:07:23,30,40,5,19
23:07:36,20,25,14,11
23:07:49,65,0,20,12
23:08:02,60,20,1,14
23:08:15,60,15,22,12
23:08:28,40,45,1,12
23:08:41,10,40,3,9
23:08:54,15,15,6,15
23:09:07,5,10,11,18
23:09:20,45,35,3,10
23:09:33,15,35,8,17
23:09:46,5,0,6,11
23:09:59,45,25,6,14
23:10:12,50,0,1,12
23:10:25,10,45,6,12
23:10:38,20,35,2,17
23:10:51,65,5,13,11
23:11:04,65,5,16,11
23:11:17,40,40,12,6
23:11:30,60,15,26,4
23:11:43,5,20,5,18
23:11:56,45,25,10,9
23:12:09,60,30,49,18
23:12:22,5,10,3,4
23:12:35,65,20,8,4
23:12:48,50,20,1,20
23:13:01,50,15,1,14
23:13:14,40,45,2,4
23:13:27,55,40,9,33
23:13:40,35,15,2,17
23:13:53,55,5,2,17
23:14:06,45,35,14,16
23:14:19,10,40,3,12
23:14:32,35,30,1,7
23:14:45,50,45,2,7
23:14:58,5,45,2,13
23:15:11,35,0,1,4
23:15:24,25,20,11,23
23:15:37,5,40,24,13
23:15:50,10,5,12,5
23:16:03,20,35,2,7
23:16:16,35,5,5,29
23:16:29,65,20,3,13
23:16:42,50,10,12,12
23:16:55,0,35,6,11
23:17:08,65,30,2,8
23:17:21,20,25,16,21
23:17:34,5,10,3,16
23:17:47,55,30,3,6
23:18:00,45,25,1,24
23:18:13,0,40,2,17
23:18:26,15,15,2,10
23:18:39,0,45,21,28
23:18:52,50,45,1,15
23:19:05,0,35,2,4
23:19:18,30,0,3,7
23:19:31,45,20,20,5
23:19:44,5,10,2,13
23:19:57,65,25,14,14
24:00:11,5,5,24,17
24:00:21,55,35,1,12
24:00:31,0,15,1,15
24:00:41,40,35,2,24
24:00:51,35,0,3,8
24:01:01,65,15,39,15
24:01:11,45,5,13,24
24:01:21,0,35,8,10
24:01:31,50,45,8,16
24:01:41,10,25,10,15
24:01:51,45,35,2,12
24:02:01,45,35,2,12
24:02:11,20,5,3,13
24:02:21,40,0,9,15
24:02:31,15,15,14,38
24:02:41,25,40,9,23
24:02:51,5,35,3,12
24:03:01,15,40,6,16
24:03:11,10,20,8,5
24:03:21,40,15,3,13
24:03:31,35,30,1,8
24:03:41,5,30,13,10
24:03:51,25,30,3,7
24:04:01,10,0,7,10
24:04:11,50,10,2,4
24:04:21,10,5,10,16
24:04:31,55,35,3,15
24:04:41,30,30,5,17
24:04:51,50,5,3,9
24:05:01,30,30,2,18
24:05:11,65,45,1,18
24:05:21,35,10,24,13
24:05:31,45,20,3,12
24:05:41,10,20,13,12
24:05:51,5,5,3,4
24:06:01,65,35,1,18
24:06:11,45,0,12,14
24:06:21,65,25,3,13
24:06:31,15,10,14,15
24:06:41,15,10,2,12
24:06:51,65,15,2,4
24:07:01,35,15,1,17
24:07:11,60,25,3,12
24:07:21,0,25,2,14
24:07:31,50,20,6,14
24:07:41,35,40,2,15
24:07:51,35,10,20,9
24:08:01,25,10,11,18
24:08:11,65,5,2,8
24:08:21,55,45,7,24
24:08:31,65,25,2,13
24:08:41,15,40,11,5
24:08:51,60,35,17,5
24:09:01,10,25,1,14
24:09:11,35,15,12,10
24:09:21,10,10,5,15
24:09:31,35,0,18,9
24:09:41,45,15,1,11
24:09:51,40,45,12,16
24:10:01,25,30,1,15
24:10:11,40,0,12,16
24:10:21,25,0,12,7
24:10:31,35,40,1,12
24:10:41,35,25,16,14
24:10:51,25,45,38,15
24:11:01,60,5,3,5
24:11:11,10,35,3,4
24:11:21,5,45,7,15
24:11:31,20,25,6,17
24:11:41,60,20,1,10
24:11:51,35,40,11,14
24:12:01,10,5,7,9
24:12:11,0,25,14,12
24:12:21,30,20,2,12
24:12:31,55,45,7,10
24:12:41,45,20,14,7
24:12:51,20,15,18,7
24:13:01,40,15,3,34
24:13:11,50,5,2,14
24:13:21,60,10,6,4
24:13:31,65,15,6,8
24:13:41,35,45,2,37
24:13:51,45,10,22,5
24:14:01,60,0,3,10
24:14:11,65,20,24,4
24:14:21,10,15,8,16
24:14:31,45,40,2,37
24:14:41,5,25,3,12
24:14:51,30,15,3,14
24:15:01,65,45,1,16
24:15:11,15,45,1,28
24:15:21,65,10,3,6
24:15:31,65,30,2,24
24:15:41,10,10,11,9
24:15:51,25,30,10,13
24:16:01,45,25,3,17
24:16:11,25,25,1,27
24:16:21,25,5,3,15
24:16:31,35,30,3,16
24:16:41,55,10,2,10
24:16:51,30,35,12,16
24:17:01,55,10,2,17
24:17:11,45,40,2,15
24:17:21,60,5,1,24
24:17:31,25,35,2,12
24:17:41,15,15,5,4
24:17:51,60,20,2,17
24:18:01,50,20,3,4
24:18:11,15,15,6,15
24:18:21,35,30,3,26
24:18:31,10,40,1,41
24:18:41,35,40,22,15
24:18:51,55,5,1,18
24:19:01,25,40,2,15
24:19:11,40,10,2,12
24:19:21,5,25,20,18
25:00:11,30,15,2,6
25:00:21,60,10,22,15
25:00:31,30,0,10,16
25:00:41,25,45,7,17
25:00:51,15,25,11,13
25:01:01,20,30,2,4
25:01:11,50,25,3,17
25:01:21,0,25,14,9
25:01:31,0,10,1,13
25:01:41,5,20,6,20
25:01:51,30,45,2,35
25:02:01,50,10,10,24
25:02:11,55,0,2,18
25:02:21,0,40,8,8
25:02:31,30,30,1,12
25:02:41,40,35,3,17
25:02:51,60,40,11,12
25:03:01,65,40,1,15
25:03:11,20,20,3,17
25:03:21,15,5,3,16
25:03:31,10,25,24,13
25:03:41,20,35,3,13
25:03:51,10,15,20,18
25:04:01,10,25,1,18
25:04:11,5,20,10,13
25:04:21,45,15,1,14
25:04:31,65,15,3,10
25:04:41,65,25,2,7
25:04:51,25,0,9,4
25:05:01,55,40,2,8
25:05:11,55,0,1,12
25:05:21,30,5,15,12
25:05:31,35,30,9,24
25:05:41,65,25,10,13
25:05:51,40,0,2,10
25:06:01,0,15,21,18
25:06:11,30,40,13,4
25:06:21,25,0,11,5
25:06:31,55,40,1,20
25:06:41,55,45,3,12
25:06:51,30,35,9,12
25:07:01,55,35,10,19
25:07:11,60,45,12,11
25:07:21,25,5,10,15
25:07:31,35,25,52,4
25:07:41,5,25,1,5
25:07:51,40,35,1,18
25:08:01,5,30,1,14
25:08:11,20,15,12,12
25:08:21,45,40,9,18
25:08:31,40,45,2,12
25:08:41,65,10,3,14
25:08:51,5,20,2,14
25:09:01,50,5,18,7
25:09:11,0,45,2,6
25:09:21,45,10,1,15
25:09:31,40,0,12,15
25:09:41,55,45,15,15
25:09:51,5,15,12,23
25:10:01,5,15,2,4
25:10:11,15,20,7,10
25:10:21,40,45,3,14
25:10:31,45,10,12,31
25:10:41,15,30,6,4
25:10:51,35,0,3,9
25:11:01,35,20,3,17
25:11:11,50,45,9,11
25:11:21,20,25,2,10
25:11:31,40,20,15,15
25:11:41,15,10,2,18
25:11:51,15,15,1,12
25:12:01,40,30,24,17
25:12:11,5,45,1,15
25:12:21,5,30,10,5
25:12:31,30,5,2,4
25:12:41,35,40,19,4
25:12:51,10,35,6,16
25:13:01,45,20,1,14
25:13:11,10,45,2,9
25:13:21,20,20,20,18
25:13:31,30,10,14,11
25:13:41,10,20,1,14
25:13:51,15,20,19,17
25:14:01,60,45,9,14
25:14:11,0,0,3,12
25:14:21,25,40,21,16
25:14:31,45,5,11,42
25:14:41,65,5,3,16
25:14:51,65,20,3,13
25:15:01,65,25,11,6
25:15:11,10,40,14,5
25:15:21,60,0,14,15
25:15:31,50,20,14,17
25:15:41,65,30,14,17
25:15:51,10,45,3,4
25:16:01,65,25,19,15
25:16:11,10,15,3,18
25:16:21,15,10,10,4
25:16:31,35,40,3,12
25:16:41,35,20,1,18
25:16:51,35,45,1,4
25:17:01,20,10,5,18
25:17:11,55,10,2,4
25:17:21,30,40,14,24
26:00:11,40,35,8,24
26:00:21,50,25,7,17
26:00:31,45,5,8,5
26:00:41,35,15,1,17
26:00:51,55,5,9,7
26:01:01,60,30,13,21
26:01:11,60,10,38,5
26:01:21,15,15,14,14
26:01:31,30,35,2,4
26:01:41,55,20,13,17
26:01:51,35,45,1,18
26:02:01,5,45,6,14
26:02:11,60,10,9,4
26:02:21,30,35,8,12
26:02:31,20,5,10,36
26:02:41,65,40,8,5
26:02:51,0,40,2,17
26:03:01,15,20,3,5
26:03:11,0,35,9,4
26:03:21,45,10,2,16
26:03:31,10,40,10,11
26:03:41,50,35,44,14
26:03:51,30,40,11,16
26:04:01,20,15,13,18
26:04:11,10,0,17,12
26:04:21,50,0,5,11
26:04:31,15,30,2,14
26:04:41,45,10,40,14
26:04:51,30,0,3,13
26:05:01,40,45,14,36
26:05:11,50,10,3,9
26:05:21,60,0,6,6
26:05:31,55,10,3,14
26:05:41,15,30,14,9
26:05:51,65,0,2,11
26:06:01,45,10,12,5
26:06:11,65,15,9,38
26:06:21,65,25,6,24
26:06:31,30,45,14,18
26:06:41,40,10,1,16
26:06:51,5,40,3,17
26:07:01,50,45,14,31
26:07:11,50,15,2,4
26:07:21,10,30,5,15
26:07:31,65,30,3,5
26:07:41,25,40,1,13
26:07:51,15,20,1,16
26:08:01,65,35,10,13
26:08:11,10,35,3,12
26:08:21,15,25,2,15
26:08:31,10,0,2,14
26:08:41,0,45,24,40
26:08:51,20,40,8,15
26:09:01,45,0,9,14
26:09:11,25,10,14,18
26:09:21,30,40,7,13
26:09:31,60,35,6,23
26:09:41,15,0,1,8
26:09:51,15,35,24,18
26:10:01,65,20,1,21
26:10:11,40,5,8,16
26:10:21,0,15,2,13
26:10:31,60,0,49,7
26:10:41,45,20,1,7
26:10:51,25,45,3,13
26:11:01,0,45,2,8
26:11:11,30,10,2,12
26:11:21,60,35,1,12
26:11:31,0,25,40,4
26:11:41,30,15,9,13
26:11:51,25,20,27,12
26:12:01,50,20,7,7
26:12:11,20,25,1,14
26:12:21,35,5,26,12
26:12:31,0,5,9,7
26:12:41,5,30,1,8
26:12:51,60,30,1,4
26:13:01,25,25,2,5
26:13:11,40,35,2,14
26:13:21,45,5,6,12
26:13:31,30,20,3,4
26:13:41,10,45,6,11
26:13:51,25,20,7,5
26:14:01,45,20,9,38
26:14:11,25,25,20,15
26:14:21,40,35,16,13
26:14:31,10,40,3,13
26:14:41,20,10,48,15
27:00:11,25,20,3,39
27:00:21,15,25,14,4
27:00:31,5,0,21,14
27:00:41,5,15,10,14
27:00:51,5,35,3,8
27:01:01,35,25,11,16
27:01:11,45,40,11,17
27:01:21,45,5,1,15
27:01:31,20,45,1,4
27:01:41,55,25,11,13
27:01:51,55,45,23,4
27:02:01,25,5,14,11
27:02:11,45,25,5,9
27:02:21,15,20,14,5
27:02:31,55,20,3,14
27:02:41,30,10,1,27
27:02:51,45,30,9,8
27:03:01,30,0,11,18
27:03:11,20,0,1,15
27:03:21,40,30,52,12
27:03:31,0,30,2,5
27:03:41,65,10,2,16
27:03:51,50,20,3,15
27:04:01,55,10,2,17
27:04:11,45,15,7,4
27:04:21,15,25,12,5
27:04:31,10,40,3,6
27:04:41,10,5,3,15
27:04:51,15,0,5,13
27:05:01,65,15,2,12
27:05:11,30,10,17,9
27:05:21,60,0,3,13
27:05:31,45,20,9,24
27:05:41,50,30,6,9
27:05:51,40,40,2,5
27:06:01,10,30,9,8
27:06:11,15,30,3,5
27:06:21,55,45,28,14
27:06:31,45,20,1,13
27:06:41,65,5,17,12
27:06:51,20,45,2,15
27:07:01,10,15,32,11
27:07:11,5,30,18,4
27:07:21,45,0,20,18
27:07:31,20,25,50,13
27:07:41,65,0,13,17
27:07:51,0,15,1,12
27:08:01,60,20,6,18
27:08:11,15,0,1,14
27:08:21,40,15,1,10
27:08:31,5,20,2,14
27:08:41,5,30,7,4
27:08:51,5,35,11,33
27:09:01,55,25,34,7
27:09:11,40,10,36,6
27:09:21,55,35,2,17
27:09:31,40,10,9,13
27:09:41,50,40,3,24
27:09:51,65,15,11,14
27:10:01,5,5,6,4
27:10:11,10,15,23,7
27:10:21,55,45,26,11
27:10:31,15,10,13,12
27:10:41,15,15,7,9
27:10:51,50,15,2,18
27:11:01,0,30,17,9
27:11:11,0,30,8,30
27:11:21,65,35,19,16
27:11:31,25,35,10,15
27:11:41,45,30,1,17
27:11:51,40,30,2,14
27:12:01,0,10,3,15
27:12:11,65,5,1,9
27:12:21,5,20,3,15
27:12:31,25,45,2,10
27:12:41,5,45,2,17
27:12:51,40,35,1,11
27:13:01,5,25,2,12
27:13:11,20,5,3,4
27:13:21,45,30,2,16
27:13:31,65,0,11,13
27:13:41,15,35,12,17
27:13:51,15,5,3,12
27:14:01,35,5,9,10
27:14:11,5,10,3,4
27:14:21,5,5,11,11
27:14:31,5,35,1,5
27:14:41,5,35,2,4
27:14:51,30,10,1,11
27:15:01,50,10,2,39
27:15:11,40,45,2,14
27:15:21,55,45,2,6
27:15:31,5,40,2,5
27:15:41,50,0,10,9
27:15:51,30,5,48,12
28:00:11,60,35,5,17
28:00:21,10,25,1,15
28:00:31,15,25,9,35
28:00:41,0,40,11,17
28:00:51,45,5,2,16
28:01:01,65,25,9,18
28:01:11,25,5,1,11
28:01:21,65,40,3,17
28:01:31,50,10,7,5
28:01:41,25,25,15,5
28:01:51,45,30,1,14
28:02:01,35,20,7,25
28:02:11,10,20,10,4
28:02:21,45,45,1,11
28:02:31,65,25,6,15
28:02:41,50,30,11,4
28:02:51,45,15,14,4
28:03:01,15,40,1,16
28:03:11,15,30,16,6
28:03:21,45,30,12,16
28:03:31,5,10,3,17
28:03:41,0,20,2,4
28:03:51,30,30,1,40
28:04:01,30,20,25,5
28:04:11,60,15,18,13
28:04:21,40,30,13,14
28:04:31,5,0,3,7
28:04:41,10,5,17,14
28:04:51,20,40,9,13
28:05:01,35,20,1,14
28:05:11,50,35,1,26
28:05:21,30,35,3,4
28:05:31,25,35,1,4
28:05:41,35,25,1,18
28:05:51,25,35,3,15
28:06:01,45,20,1,17
28:06:11,40,5,12,13
28:06:21,40,15,2,5
28:06:31,30,0,2,35
28:06:41,0,10,3,16
28:06:51,10,10,1,14
28:07:01,60,45,3,17
28:07:11,10,10,3,17
28:07:21,35,40,18,12
28:07:31,30,35,1,7
28:07:41,45,0,3,9
28:07:51,45,0,2,14
28:08:01,45,15,7,17
28:08:11,35,5,5,18
28:08:21,5,0,6,18
28:08:31,30,20,6,4
28:08:41,10,15,3,4
28:08:51,65,20,2,15
28:09:01,0,15,2,18
28:09:11,65,40,12,4
28:09:21,10,30,3,17
28:09:31,60,35,2,17
28:09:41,40,45,17,23
28:09:51,35,10,12,4
28:10:01,55,15,2,12
28:10:11,35,30,11,16
28:10:21,55,45,2,12
28:10:31,65,25,17,17
28:10:41,0,25,3,12
28:10:51,25,40,2,17
28:11:01,5,0,20,24
28:11:11,35,45,13,4
28:11:21,20,5,1,12
28:11:31,10,25,1,18
28:11:41,15,0,1,4
28:11:51,10,5,1,14
28:12:01,25,15,17,4
28:12:11,65,45,34,17
28:12:21,35,40,3,16
28:12:31,40,15,3,17
28:12:41,45,15,13,10
28:12:51,30,45,9,10
28:13:01,25,45,14,4
28:13:11,10,0,9,13
28:13:21,50,30,3,12
28:13:31,30,25,11,17
28:13:41,5,35,5,12
28:13:51,45,35,10,15
28:14:01,50,20,14,4
28:14:11,40,20,1,16
28:14:21,5,15,10,7
28:14:31,0,0,11,5
28:14:41,25,40,2,7
28:14:51,50,0,7,12
28:15:01,25,25,5,4
28:15:11,5,35,3,12
28:15:21,30,40,5,8
28:15:31,50,45,5,18
28:15:41,55,5,3,15
28:15:51,50,45,9,14
28:16:01,55,35,1,17
28:16:11,15,10,8,15
28:16:21,15,40,15,29
28:16:31,60,35,1,6
28:16:41,15,0,5,6
28:16:51,25,0,3,6
28:17:01,55,30,16,18
28:17:11,5,30,2,4
28:17:21,40,40,1,12
28:17:31,60,30,6,15
28:17:41,50,30,3,4
28:17:51,50,40,24,33
28:18:01,30,20,2,5
28:18:11,45,25,1,5
28:18:21,35,15,1,4
28:18:31,55,40,1,12
28:18:41,5,35,51,4
28:18:51,65,45,42,17
28:19:01,10,5,13,5
28:19:11,50,15,1,8
28:19:21,0,30,6,8
28:19:31,60,45,3,15
28:19:41,25,0,24,10
29:00:11,55,10,2,33
29:00:21,20,0,1,4
29:00:31,55,10,30,16
29:00:41,60,5,3,18
29:00:51,10,45,11,35
29:01:01,50,30,5,5
29:01:11,60,45,7,10
29:01:21,25,40,3,18
29:01:31,35,45,3,16
29:01:41,50,35,12,4
29:01:51,60,0,2,5
29:02:01,40,30,3,24
29:02:11,30,30,3,11
29:02:21,55,45,9,4
29:02:31,40,20,38,4
29:02:41,30,35,2,7
29:02:51,60,45,13,13
29:03:01,45,35,9,20
29:03:11,55,25,6,14
29:03:21,45,30,1,24
29:03:31,35,0,12,9
29:03:41,45,0,1,24
29:03:51,45,25,2,12
29:04:01,55,5,1,11
29:04:11,20,45,7,5
29:04:21,5,20,10,14
29:04:31,65,5,7,12
29:04:41,15,5,6,11
29:04:51,15,45,1,13
29:05:01,5,40,7,15
29:05:11,50,40,2,12
29:05:21,15,5,3,9
29:05:31,60,20,1,8
29:05:41,45,25,2,13
29:05:51,15,0,5,4
29:06:01,5,15,13,9
29:06:11,35,35,20,8
29:06:21,25,10,1,16
29:06:31,50,15,11,5
29:06:41,55,25,14,6
29:06:51,0,30,3,18
29:07:01,65,15,14,11
29:07:11,45,25,5,11
29:07:21,10,40,30,11
29:07:31,40,10,2,9
29:07:41,65,45,9,11
29:07:51,5,35,1,9
29:08:01,60,0,2,12
29:08:11,15,20,8,16
29:08:21,30,15,10,14
29:08:31,10,5,3,13
29:08:41,25,20,3,12
29:08:51,30,30,1,21
29:09:01,5,5,5,8
29:09:11,25,5,13,13
29:09:21,25,10,1,29
29:09:31,55,30,11,15
29:09:41,35,25,2,8
29:09:51,55,5,3,12
29:10:01,45,30,12,11
29:10:11,10,35,51,30
29:10:21,10,30,2,26
29:10:31,55,25,2,16
29:10:41,65,25,1,16
29:10:51,35,20,39,9
29:11:01,45,25,3,17
29:11:11,10,40,47,14
29:11:21,0,15,14,4
29:11:31,0,5,12,18
29:11:41,35,5,5,18
29:11:51,20,40,9,16
29:12:01,10,35,7,12
29:12:11,20,15,2,18
29:12:21,35,15,51,9
29:12:31,20,35,6,4
29:12:41,50,0,20,5
29:12:51,0,0,10,16
29:13:01,45,25,13,10
29:13:11,60,30,3,17
29:13:21,65,40,2,4
29:13:31,30,0,3,15
29:13:41,0,15,7,5
29:13:51,55,40,2,4
29:14:01,5,15,17,13
29:14:11,10,45,3,15
29:14:21,55,35,5,14
29:14:31,15,20,3,12
29:14:41,15,40,9,4
29:14:51,0,0,10,17
29:15:01,45,30,1,32
29:15:11,15,10,2,18
29:15:21,5,35,9,18
29:15:31,25,5,7,14
29:15:41,20,10,12,6
29:15:51,15,35,2,14
29:16:01,50,15,8,15
29:16:11,30,0,2,9
29:16:21,45,35,13,14
29:16:31,30,10,1,4
29:16:41,0,10,3,9
29:16:51,0,10,51,11
30:00:11,20,20,6,12
30:00:21,10,35,3,12
30:00:31,55,20,3,5
30:00:41,15,30,3,17
30:00:51,25,25,1,5
30:01:01,35,45,2,13
30:01:11,25,10,2,14
30:01:21,60,15,10,5
30:01:31,40,10,1,12
30:01:41,5,35,7,4
30:01:51,35,40,2,13
30:02:01,50,40,14,12
30:02:11,40,10,12,28
30:02:21,35,30,2,8
30:02:31,15,15,7,14
30:02:41,60,35,8,5
30:02:51,35,35,2,12
30:03:01,15,35,19,15
30:03:11,10,15,1,8
30:03:21,55,20,10,41
30:03:31,60,35,2,13
30:03:41,45,40,2,4
30:03:51,55,20,2,15
30:04:01,35,45,2,12
30:04:11,0,10,1,14
30:04:21,30,25,2,12
30:04:31,20,20,30,13
30:04:41,50,35,2,15
30:04:51,35,25,3,31
30:05:01,55,40,2,16
30:05:11,40,25,2,18
30:05:21,40,25,1,8
30:05:31,65,30,17,11
30:05:41,10,10,3,4
30:05:51,15,20,20,9
30:06:01,10,35,1,9
30:06:11,45,0,9,4
30:06:21,10,15,2,28
30:06:31,55,15,31,6
30:06:41,5,10,12,40
30:06:51,15,40,1,6
30:07:01,5,25,1,16
30:07:11,65,10,3,15
30:07:21,35,0,2,9
30:07:31,30,45,13,15
30:07:41,60,35,5,17
30:07:51,5,45,53,37
30:08:01,25,30,3,4
30:08:11,45,30,3,16
30:08:21,50,0,13,17
30:08:31,65,25,50,15
30:08:41,50,0,14,21
30:08:51,0,40,2,9
30:09:01,60,40,11,18
30:09:11,30,30,1,15
30:09:21,50,25,9,18
30:09:31,45,25,40,9
30:09:41,30,10,8,12
30:09:51,20,30,3,16
30:10:01,35,15,3,18
30:10:11,5,5,1,4
30:10:21,10,25,2,14
30:10:31,35,0,3,4
30:10:41,20,0,1,4
30:10:51,20,5,3,4
30:11:01,60,0,22,10
30:11:11,25,20,3,17
30:11:21,35,20,5,7
30:11:31,5,10,13,11
30:11:41,30,35,3,24
30:11:51,25,30,9,35
30:12:01,5,15,9,4
30:12:11,35,5,11,13
30:12:21,55,30,1,6
30:12:31,35,45,2,24
30:12:41,35,20,11,18
30:12:51,10,15,22,18
30:13:01,15,10,5,12
30:13:11,15,45,2,24
30:13:21,30,20,7,42
30:13:31,0,0,9,8
30:13:41,0,45,2,10
30:13:51,10,25,11,12
30:14:01,40,40,11,4
30:14:11,30,25,9,10
30:14:21,0,15,8,13
30:14:31,20,0,7,13
30:14:41,40,15,5,18
30:14:51,55,20,24,14
30:15:01,25,15,7,15
30:15:11,25,5,27,7
30:15:21,45,0,1,4
30:15:31,55,20,13,16
30:15:41,0,45,2,12
30:15:51,45,30,2,8
30:16:01,20,25,14,7
30:16:11,5,5,14,28
30:16:21,10,5,1,38
30:16:31,20,0,1,15
30:16:41,45,35,12,4
30:16:51,30,10,1,18
30:17:01,25,45,1,15
30:17:11,65,20,2,12
30:17:21,15,20,10,15
30:17:31,45,10,3,14
30:17:41,20,20,2,14
30:17:51,25,35,3,13
30:18:01,40,40,1,18
30:18:11,0,30,6,13
30:18:21,55,45,16,12
30:18:31,45,5,52,4
