01:00:15-01:06:16,5,20,5,35
01:02:15-01:11:42,20,15,20,35
01:03:31-01:12:09,25,30,30,30,30,20,40,20,40,10
01:05:08-01:13:20,35,30,35,25,45,25
01:07:12-01:10:44,25,45,45,45,45,40
01:09:11-01:13:15,5,20,5,35
01:10:35-01:16:51,15,10,15,35
02:00:13-02:05:00,30,35,45,35
02:01:24-02:03:04,25,30,30,30,30,20,40,20,40,10
02:03:15-02:03:46,20,10,35,10
02:04:10-02:08:26,10,20,10,40,35,40
02:05:37-02:09:28,5,20,5,35
02:06:42-02:09:30,15,10,15,35
02:08:21-02:10:19,20,15,20,35
02:09:29-02:11:13,25,30,30,30,30,20,40,20,40,10
02:10:53-02:14:13,35,30,35,25,45,25
03:00:55-03:10:21,20,10,35,10
03:03:10-03:07:11,10,20,10,40,35,40
03:05:24-03:08:45,15,10,15,35
03:07:46-03:13:27,20,15,20,35
03:10:08-03:17:53,30,35,45,35
04:00:38-04:06:17,25,30,30,30,30,20,40,20,40,10
04:02:03-04:10:42,35,30,35,25,45,25
04:03:37-04:06:49,25,45,45,45,45,40
04:05:45-04:06:11,5,20,5,35
04:07:07-04:13:04,15,10,15,35
04:09:19-04:14:01,20,15,20,35
04:10:30-04:19:51,30,35,45,35
05:00:29-05:01:49,25,30,30,30,30,20,40,20,40,10
05:02:11-05:02:45,20,10,35,10
05:04:04-05:11:18,10,20,10,40,35,40
05:05:08-05:10:17,15,10,15,35
05:06:49-05:09:29,30,35,45,35
05:09:05-05:11:37,35,30,35,25,45,25
05:10:40-05:13:09,20,10,35,10
06:00:46-06:04:47,25,45,45,45,45,40
06:02:10-06:08:38,5,20,5,35
06:03:53-06:04:45,20,15,20,35
06:05:19-06:06:04,30,35,45,35
06:07:27-06:15:27,35,30,35,25,45,25
06:08:34-06:17:16,25,45,45,45,45,40
06:10:47-06:19:05,10,20,10,40,35,40
07:00:05-07:00:13,5,20,5,35
07:01:47-07:08:39,20,15,20,35
07:04:13-07:06:20,25,30,30,30,30,20,40,20,40,10
07:05:20-07:08:10,35,30,35,25,45,25
07:06:53-07:09:30,20,10,35,10
07:09:12-07:14:04,10,20,10,40,35,40
07:10:50-07:12:34,5,20,5,35
08:00:39-08:03:19,20,15,20,35
08:02:13-08:03:58,25,30,30,30,30,20,40,20,40,10
08:03:29-08:09:51,20,10,35,10
08:05:24-08:14:26,25,45,45,45,45,40
08:07:14-08:10:13,5,20,5,35
08:08:53-08:15:46,20,15,20,35
08:10:49-08:17:01,30,35,45,35
09:00:22-09:01:21,25,30,30,30,30,20,40,20,40,10
09:01:41-09:07:37,35,30,35,25,45,25
09:02:45-09:07:25,20,10,35,10
09:04:34-09:12:19,10,20,10,40,35,40
09:05:45-09:06:18,5,20,5,35
09:06:59-09:13:52,20,15,20,35
09:08:14-09:13:04,30,35,45,35
09:09:28-09:10:36,25,30,30,30,30,20,40,20,40,10
09:11:19-09:12:53,35,30,35,25,45,25
10:00:02-10:03:36,25,45,45,45,45,40
10:01:22-10:06:25,5,20,5,35
10:02:51-10:12:13,20,15,20,35
10:04:17-10:09:16,30,35,45,35
10:05:45-10:14:28,25,30,30,30,30,20,40,20,40,10
10:07:18-10:12:13,35,30,35,25,45,25
10:08:12-10:10:06,20,10,35,10
10:09:59-10:16:47,25,45,45,45,45,40
10:11:04-10:20:08,5,20,5,35
11:00:34-11:07:20,15,10,15,35
11:01:33-11:07:56,20,15,20,35
11:02:46-11:11:45,30,35,45,35
11:04:33-11:12:13,35,30,35,25,45,25
11:05:31-11:12:23,20,10,35,10
11:06:49-11:13:20,10,20,10,40,35,40
11:08:34-11:16:29,15,10,15,35
11:09:21-11:09:38,30,35,45,35
11:10:51-11:15:32,25,30,30,30,30,20,40,20,40,10
12:00:15-12:00:19,20,10,35,10
12:02:09-12:03:55,10,20,10,40,35,40
12:04:22-12:11:32,5,20,5,35
12:06:58-12:11:28,20,15,20,35
12:08:00-12:11:30,30,35,45,35
12:10:44-12:13:19,25,30,30,30,30,20,40,20,40,10
13:00:05-13:05:22,35,30,35,25,45,25
13:01:22-13:02:10,25,45,45,45,45,40
13:03:00-13:11:42,10,20,10,40,35,40
13:04:00-13:12:51,15,10,15,35
13:05:43-13:06:09,30,35,45,35
13:07:19-13:09:20,35,30,35,25,45,25
13:08:08-13:09:08,20,10,35,10
13:09:38-13:16:18,10,20,10,40,35,40
13:10:57-13:15:43,15,10,15,35
14:00:46-14:00:51,20,15,20,35
14:02:17-14:04:11,30,35,45,35
14:04:01-14:08:54,25,30,30,30,30,20,40,20,40,10
14:06:13-14:13:42,20,10,35,10
14:08:18-14:14:00,25,45,45,45,45,40
14:10:02-14:10:23,5,20,5,35
15:00:26-15:04:22,20,15,20,35
15:01:36-15:04:44,25,30,30,30,30,20,40,20,40,10
15:02:55-15:11:42,20,10,35,10
15:04:26-15:07:44,10,20,10,40,35,40
15:05:27-15:05:31,15,10,15,35
15:06:45-15:09:41,30,35,45,35
15:08:01-15:10:45,35,30,35,25,45,25
15:09:24-15:10:28,25,45,45,45,45,40
15:10:56-15:18:59,5,20,5,35
16:00:34-16:02:30,15,10,15,35
16:02:11-16:06:38,30,35,45,35
16:03:46-16:10:16,35,30,35,25,45,25
16:05:30-16:09:02,20,10,35,10
16:06:54-16:10:08,10,20,10,40,35,40
16:08:47-16:11:28,5,20,5,35
16:10:20-16:11:57,20,15,20,35
17:00:09-17:04:53,30,35,45,35
17:02:24-17:11:48,25,30,30,30,30,20,40,20,40,10
17:04:08-17:04:48,20,10,35,10
17:06:19-17:09:11,25,45,45,45,45,40
17:08:49-17:18:17,10,20,10,40,35,40
17:10:04-17:17:44,5,20,5,35
18:00:02-18:02:31,20,15,20,35
18:02:11-18:02:15,30,35,45,35
18:03:05-18:09:41,35,30,35,25,45,25
18:05:05-18:08:58,20,10,35,10
18:06:36-18:13:51,25,45,45,45,45,40
18:07:30-18:10:02,5,20,5,35
18:09:41-18:17:27,15,10,15,35
18:10:52-18:11:10,20,15,20,35
19:00:34-19:07:24,25,30,30,30,30,20,40,20,40,10
19:01:50-19:10:30,35,30,35,25,45,25
19:03:13-19:09:30,20,10,35,10
19:04:21-19:10:58,10,20,10,40,35,40
19:05:49-19:12:54,5,20,5,35
19:07:10-19:13:16,20,15,20,35
19:08:12-19:11:58,25,30,30,30,30,20,40,20,40,10
19:09:22-19:15:14,20,10,35,10
19:11:10-19:15:12,10,20,10,40,35,40
20:00:35-20:03:39,5,20,5,35
20:01:48-20:09:06,20,15,20,35
20:04:03-20:07:30,25,30,30,30,30,20,40,20,40,10
20:05:07-20:09:09,35,30,35,25,45,25
20:07:15-20:14:16,25,45,45,45,45,40
20:08:45-20:15:20,10,20,10,40,35,40
20:10:28-20:12:42,15,10,15,35
21:00:07-21:05:24,30,35,45,35
21:02:19-21:10:27,35,30,35,25,45,25
21:03:40-21:04:28,20,10,35,10
21:05:14-21:07:23,25,45,45,45,45,40
21:06:59-21:09:47,10,20,10,40,35,40
21:09:19-21:10:01,5,20,5,35
21:10:19-21:19:49,20,15,20,35
22:00:22-22:03:12,25,30,30,30,30,20,40,20,40,10
22:01:36-22:10:45,35,30,35,25,45,25
22:03:07-22:03:20,25,45,45,45,45,40
22:04:34-22:04:50,10,20,10,40,35,40
22:05:37-22:12:08,5,20,5,35
22:06:46-22:13:15,20,15,20,35
22:08:13-22:12:01,30,35,45,35
22:09:44-22:17:57,25,30,30,30,30,20,40,20,40,10
22:10:45-22:14:45,35,30,35,25,45,25
23:00:35-23:09:34,25,45,45,45,45,40
23:02:17-23:06:17,5,20,5,35
23:03:50-23:05:21,15,10,15,35
23:05:06-23:09:09,20,15,20,35
23:07:21-23:13:54,30,35,45,35
23:09:11-23:16:35,35,30,35,25,45,25
23:10:30-23:18:35,25,45,45,45,45,40
24:00:57-24:07:42,5,20,5,35
24:02:53-24:11:55,20,15,20,35
24:05:29-24:13:52,25,30,30,30,30,20,40,20,40,10
24:07:43-24:14:26,20,10,35,10
24:10:06-24:18:19,10,20,10,40,35,40
25:00:42-25:10:04,5,20,5,35
25:02:00-25:09:36,20,15,20,35
25:03:22-25:07:18,25,30,30,30,30,20,40,20,40,10
25:05:07-25:08:27,20,10,35,10
25:06:29-25:08:37,10,20,10,40,35,40
25:07:45-25:07:52,15,10,15,35
25:09:18-25:09:21,30,35,45,35
25:11:08-25:20:36,25,30,30,30,30,20,40,20,40,10
26:00:33-26:05:09,35,30,35,25,45,25
26:02:27-26:03:27,20,10,35,10
26:04:01-26:08:35,25,45,45,45,45,40
26:05:28-26:13:44,10,20,10,40,35,40
26:07:14-26:14:10,5,20,5,35
26:09:00-26:10:14,20,15,20,35
26:10:21-26:11:19,25,30,30,30,30,20,40,20,40,10
