01:00:38-01:07:00,10,20,10,40,35,40
01:01:45-01:09:41,5,20,5,35
01:02:53-01:04:52,15,10,15,35
01:04:29-01:11:17,30,35,45,35
01:05:23-01:12:23,35,30,35,25,45,25
01:07:12-01:08:04,20,10,35,10
01:08:25-01:09:45,25,45,45,45,45,40
01:09:37-01:12:22,5,20,5,35
01:11:11-01:18:15,15,10,15,35
02:00:31-02:09:11,30,35,45,35
02:02:05-02:05:24,25,30,30,30,30,20,40,20,40,10
02:03:48-02:10:00,35,30,35,25,45,25
02:05:25-02:08:09,20,10,35,10
02:07:03-02:12:44,25,45,45,45,45,40
02:08:38-02:16:47,5,20,5,35
02:11:01-02:19:11,20,15,20,35
03:00:32-03:07:10,25,30,30,30,30,20,40,20,40,10
03:01:55-03:03:47,35,30,35,25,45,25
03:03:09-03:07:41,20,10,35,10
03:04:13-03:06:50,25,45,45,45,45,40
03:05:50-03:07:22,10,20,10,40,35,40
03:07:01-03:10:57,15,10,15,35
03:08:16-03:12:36,30,35,45,35
03:09:39-03:12:46,35,30,35,25,45,25
03:11:02-03:19:22,25,45,45,45,45,40
04:00:34-04:08:06,5,20,5,35
04:01:36-04:03:36,15,10,15,35
04:02:44-04:08:49,30,35,45,35
04:04:09-04:04:13,35,30,35,25,45,25
04:05:56-04:07:36,20,10,35,10
04:07:15-04:16:27,25,45,45,45,45,40
04:08:28-04:10:03,5,20,5,35
04:09:40-04:17:22,20,15,20,35
04:11:00-04:17:31,25,30,30,30,30,20,40,20,40,10
05:00:17-05:02:41,20,10,35,10
05:01:51-05:07:39,10,20,10,40,35,40
05:02:58-05:05:01,15,10,15,35
05:04:39-05:10:33,20,15,20,35
05:05:55-05:12:31,30,35,45,35
05:06:50-05:07:55,35,30,35,25,45,25
05:08:33-05:11:37,25,45,45,45,45,40
05:09:54-05:15:08,5,20,5,35
05:10:51-05:17:39,15,10,15,35
06:00:09-06:07:21,20,15,20,35
06:01:51-06:02:29,30,35,45,35
06:03:14-06:12:16,35,30,35,25,45,25
06:04:28-06:04:32,20,10,35,10
06:05:57-06:12:32,10,20,10,40,35,40
06:07:14-06:14:21,15,10,15,35
06:08:20-06:15:00,30,35,45,35
06:09:33-06:11:23,35,30,35,25,45,25
06:10:40-06:18:14,20,10,35,10
07:00:44-07:05:27,25,45,45,45,45,40
07:01:44-07:11:01,5,20,5,35
07:03:26-07:05:38,20,15,20,35
07:05:55-07:10:00,30,35,45,35
07:07:15-07:08:02,25,30,30,30,30,20,40,20,40,10
07:08:45-07:10:46,35,30,35,25,45,25
07:10:42-07:16:38,25,45,45,45,45,40
08:00:45-08:09:29,10,20,10,40,35,40
08:02:42-08:03:21,5,20,5,35
08:04:52-08:14:18,15,10,15,35
08:06:06-08:11:15,30,35,45,35
08:08:38-08:11:45,25,30,30,30,30,20,40,20,40,10
08:10:17-08:11:24,35,30,35,25,45,25
09:00:10-09:04:42,25,45,45,45,45,40
09:01:48-09:03:24,10,20,10,40,35,40
09:03:07-09:06:29,15,10,15,35
09:04:03-09:10:55,30,35,45,35
09:05:59-09:12:43,35,30,35,25,45,25
09:06:52-09:11:48,25,45,45,45,45,40
09:08:16-09:17:08,5,20,5,35
09:09:38-09:16:29,20,15,20,35
09:11:18-09:14:04,25,30,30,30,30,20,40,20,40,10
10:00:30-10:07:12,35,30,35,25,45,25
10:02:53-10:11:01,20,10,35,10
10:04:30-10:11:09,10,20,10,40,35,40
10:06:24-10:09:36,5,20,5,35
10:08:08-10:09:26,15,10,15,35
10:10:19-10:12:42,20,15,20,35
11:00:23-11:00:31,30,35,45,35
11:02:07-11:06:08,25,30,30,30,30,20,40,20,40,10
11:03:37-11:04:42,20,10,35,10
11:05:26-11:10:18,25,45,45,45,45,40
11:07:28-11:11:43,5,20,5,35
11:08:52-11:15:27,15,10,15,35
11:10:42-11:13:42,20,15,20,35
12:01:11-12:02:17,25,30,30,30,30,20,40,20,40,10
12:02:25-12:09:29,35,30,35,25,45,25
12:05:08-12:07:40,25,45,45,45,45,40
12:07:16-12:09:39,10,20,10,40,35,40
12:10:12-12:18:20,5,20,5,35
13:00:15-13:04:04,20,15,20,35
13:01:46-13:01:50,30,35,45,35
13:03:56-13:07:48,25,30,30,30,30,20,40,20,40,10
13:05:10-13:08:34,35,30,35,25,45,25
13:06:52-13:09:24,20,10,35,10
13:08:49-13:16:25,10,20,10,40,35,40
13:10:52-13:19:27,15,10,15,35
14:00:21-14:07:15,30,35,45,35
14:01:53-14:08:29,25,30,30,30,30,20,40,20,40,10
14:03:41-14:04:49,35,30,35,25,45,25
14:04:51-14:13:01,20,10,35,10
14:06:14-14:07:08,25,45,45,45,45,40
14:08:14-14:14:25,5,20,5,35
14:09:30-14:16:20,15,10,15,35
14:10:49-14:12:52,20,15,20,35
15:00:43-15:05:27,25,30,30,30,30,20,40,20,40,10
15:02:00-15:03:54,20,10,35,10
15:04:07-15:05:16,10,20,10,40,35,40
15:06:26-15:10:42,5,20,5,35
15:08:20-15:16:53,15,10,15,35
15:10:46-15:12:59,30,35,45,35
16:00:14-16:01:51,35,30,35,25,45,25
16:02:05-16:04:21,25,45,45,45,45,40
16:03:13-16:09:41,10,20,10,40,35,40
16:05:01-16:08:08,5,20,5,35
16:06:40-16:09:05,15,10,15,35
16:07:46-16:14:39,20,15,20,35
16:09:22-16:14:52,25,30,30,30,30,20,40,20,40,10
16:11:03-16:16:36,35,30,35,25,45,25
17:00:20-17:01:52,25,45,45,45,45,40
17:02:54-17:03:38,5,20,5,35
17:04:03-17:05:37,20,15,20,35
17:06:04-17:07:52,30,35,45,35
17:08:53-17:18:01,35,30,35,25,45,25
17:10:12-17:19:21,25,45,45,45,45,40
18:00:11-18:00:51,5,20,5,35
18:02:16-18:05:28,15,10,15,35
18:03:36-18:07:20,30,35,45,35
18:05:11-18:08:20,25,30,30,30,30,20,40,20,40,10
18:07:21-18:11:03,20,10,35,10
18:08:35-18:14:14,25,45,45,45,45,40
18:11:01-18:18:12,5,20,5,35
19:00:06-19:05:52,20,15,20,35
19:01:47-19:03:14,30,35,45,35
19:03:34-19:11:23,35,30,35,25,45,25
19:04:48-19:06:24,25,45,45,45,45,40
19:06:12-19:14:16,5,20,5,35
19:07:34-19:09:17,20,15,20,35
19:09:15-19:16:03,30,35,45,35
19:10:44-19:15:52,25,30,30,30,30,20,40,20,40,10
20:00:03-20:03:57,35,30,35,25,45,25
20:03:31-20:11:09,20,10,35,10
20:05:48-20:09:10,25,45,45,45,45,40
20:08:12-20:13:45,5,20,5,35
20:10:03-20:14:19,15,10,15,35
21:00:39-21:04:11,20,15,20,35
21:02:05-21:10:29,25,30,30,30,30,20,40,20,40,10
21:03:50-21:05:58,20,10,35,10
21:05:51-21:06:18,10,20,10,40,35,40
21:07:32-21:16:02,5,20,5,35
21:08:39-21:12:26,15,10,15,35
21:10:17-21:10:53,20,15,20,35
22:00:29-22:07:14,30,35,45,35
22:01:50-22:05:06,25,30,30,30,30,20,40,20,40,10
22:03:33-22:09:55,35,30,35,25,45,25
22:05:49-22:10:27,20,10,35,10
22:07:11-22:12:55,25,45,45,45,45,40
22:09:01-22:12:10,10,20,10,40,35,40
22:10:25-22:15:29,15,10,15,35
23:00:38-23:04:38,20,15,20,35
23:01:49-23:09:56,25,30,30,30,30,20,40,20,40,10
23:02:51-23:04:32,20,10,35,10
23:04:28-23:05:42,25,45,45,45,45,40
23:05:46-23:14:00,10,20,10,40,35,40
23:07:18-23:16:00,15,10,15,35
23:08:12-23:12:36,20,15,20,35
23:09:37-23:12:52,30,35,45,35
23:10:42-23:13:54,35,30,35,25,45,25
24:00:03-24:03:32,20,10,35,10
24:01:43-24:05:36,10,20,10,40,35,40
24:03:10-24:08:34,5,20,5,35
24:04:52-24:11:20,15,10,15,35
24:06:16-24:09:17,20,15,20,35
24:07:42-24:12:13,30,35,45,35
24:09:02-24:14:16,25,30,30,30,30,20,40,20,40,10
24:10:47-24:16:31,20,10,35,10
25:00:12-25:07:53,25,45,45,45,45,40
25:01:23-25:01:31,10,20,10,40,35,40
25:02:42-25:08:55,15,10,15,35
25:04:31-25:04:49,30,35,45,35
25:05:44-25:14:36,35,30,35,25,45,25
25:07:08-25:13:50,20,10,35,10
25:08:14-25:08:47,10,20,10,40,35,40
25:09:30-25:09:56,15,10,15,35
25:10:55-25:16:28,20,15,20,35
26:00:08-26:01:54,25,30,30,30,30,20,40,20,40,10
26:02:16-26:03:11,35,30,35,25,45,25
26:04:44-26:13:42,20,10,35,10
26:06:57-26:12:14,25,45,45,45,45,40
26:08:40-26:09:25,5,20,5,35
26:10:46-26:12:44,20,15,20,35
