01:00:21-01:08:49,10,20,10,40,35,40
01:01:49-01:08:45,15,10,15,35
01:02:47-01:10:34,30,35,45,35
01:04:00-01:10:47,35,30,35,25,45,25
01:05:45-01:07:11,25,45,45,45,45,40
01:06:43-01:07:06,5,20,5,35
01:08:03-01:14:15,20,15,20,35
01:09:52-01:10:24,25,30,30,30,30,20,40,20,40,10
01:11:19-01:19:54,20,10,35,10
02:00:29-02:01:41,25,45,45,45,45,40
02:02:36-02:07:28,5,20,5,35
02:04:47-02:13:07,20,15,20,35
02:06:24-02:06:35,25,30,30,30,30,20,40,20,40,10
02:08:18-02:14:34,35,30,35,25,45,25
02:10:28-02:16:55,20,10,35,10
03:00:29-03:03:45,25,45,45,45,45,40
03:01:59-03:06:34,10,20,10,40,35,40
03:03:34-03:04:52,15,10,15,35
03:04:43-03:08:33,20,15,20,35
03:06:31-03:14:21,30,35,45,35
03:08:06-03:17:32,35,30,35,25,45,25
03:09:05-03:14:09,20,10,35,10
03:10:40-03:17:32,25,45,45,45,45,40
04:00:11-04:09:28,10,20,10,40,35,40
04:02:37-04:08:45,5,20,5,35
04:05:02-04:06:44,15,10,15,35
04:08:19-04:16:08,30,35,45,35
04:10:40-04:15:13,35,30,35,25,45,25
05:00:42-05:09:49,25,45,45,45,45,40
05:01:49-05:11:04,5,20,5,35
05:03:48-05:11:29,15,10,15,35
05:05:09-05:06:39,30,35,45,35
05:06:59-05:07:11,25,30,30,30,30,20,40,20,40,10
05:09:03-05:12:03,20,10,35,10
05:10:34-05:19:30,25,45,45,45,45,40
06:00:05-06:06:34,10,20,10,40,35,40
06:01:59-06:07:20,5,20,5,35
06:03:38-06:09:05,15,10,15,35
06:04:42-06:04:58,20,15,20,35
06:06:08-06:14:52,25,30,30,30,30,20,40,20,40,10
06:07:47-06:10:06,20,10,35,10
06:09:14-06:15:29,10,20,10,40,35,40
06:10:48-06:11:31,15,10,15,35
07:00:28-07:10:03,20,15,20,35
07:02:07-07:06:15,25,30,30,30,30,20,40,20,40,10
07:03:32-07:07:11,20,10,35,10
07:05:13-07:05:29,10,20,10,40,35,40
07:07:21-07:16:49,15,10,15,35
07:09:07-07:15:55,20,15,20,35
07:10:34-07:11:44,30,35,45,35
08:00:00-08:03:48,25,30,30,30,30,20,40,20,40,10
08:02:32-08:06:40,35,30,35,25,45,25
08:03:48-08:11:48,20,10,35,10
08:05:50-08:08:20,10,20,10,40,35,40
08:07:12-08:15:44,15,10,15,35
08:09:06-08:15:36,30,35,45,35
08:11:00-08:13:49,35,30,35,25,45,25
09:00:06-09:07:28,25,45,45,45,45,40
09:02:32-09:10:04,5,20,5,35
09:04:23-09:10:17,15,10,15,35
09:06:30-09:13:02,30,35,45,35
09:08:44-09:10:11,35,30,35,25,45,25
09:10:14-09:19:27,20,10,35,10
10:00:49-10:09:28,10,20,10,40,35,40
10:01:44-10:04:54,5,20,5,35
10:03:41-10:10:23,15,10,15,35
10:05:29-10:05:31,20,15,20,35
10:07:34-10:12:19,30,35,45,35
10:09:05-10:14:41,35,30,35,25,45,25
10:10:18-10:14:26,20,10,35,10
11:00:16-11:01:36,10,20,10,40,35,40
11:01:57-11:06:26,5,20,5,35
11:04:13-11:12:40,15,10,15,35
11:05:24-11:07:00,20,15,20,35
11:07:38-11:12:20,25,30,30,30,30,20,40,20,40,10
11:08:58-11:11:54,35,30,35,25,45,25
11:10:41-11:15:49,25,45,45,45,45,40
12:00:37-12:07:54,5,20,5,35
12:02:44-12:05:49,15,10,15,35
12:04:57-12:11:45,30,35,45,35
12:06:14-12:09:35,35,30,35,25,45,25
12:08:43-12:10:34,20,10,35,10
12:10:30-12:17:20,25,45,45,45,45,40
13:00:58-13:04:29,5,20,5,35
13:02:46-13:08:13,20,15,20,35
13:05:07-13:07:42,25,30,30,30,30,20,40,20,40,10
13:07:18-13:14:38,35,30,35,25,45,25
13:10:35-13:16:43,20,10,35,10
14:00:01-14:06:48,25,45,45,45,45,40
14:01:55-14:07:08,5,20,5,35
14:03:51-14:10:36,15,10,15,35
14:05:30-14:14:02,20,15,20,35
14:06:48-14:15:28,25,30,30,30,30,20,40,20,40,10
14:08:57-14:11:05,35,30,35,25,45,25
14:10:20-14:10:37,20,10,35,10
15:00:35-15:01:55,10,20,10,40,35,40
15:02:54-15:10:08,15,10,15,35
15:05:27-15:07:48,30,35,45,35
15:07:14-15:12:04,25,30,30,30,30,20,40,20,40,10
15:09:42-15:17:23,20,10,35,10
16:01:04-16:04:13,25,45,45,45,45,40
16:02:59-16:05:58,5,20,5,35
16:05:36-16:11:50,20,15,20,35
16:07:47-16:15:09,30,35,45,35
16:09:37-16:10:54,25,30,30,30,30,20,40,20,40,10
17:00:32-17:02:26,35,30,35,25,45,25
17:02:19-17:11:07,20,10,35,10
17:03:46-17:11:46,10,20,10,40,35,40
17:05:44-17:13:53,15,10,15,35
17:06:59-17:15:59,20,15,20,35
17:08:36-17:10:12,30,35,45,35
17:10:32-17:16:55,35,30,35,25,45,25
18:00:22-18:01:42,20,10,35,10
18:01:36-18:11:03,10,20,10,40,35,40
18:03:04-18:03:08,5,20,5,35
18:04:38-18:10:44,15,10,15,35
18:06:23-18:08:48,30,35,45,35
18:07:43-18:11:51,35,30,35,25,45,25
18:09:00-18:09:02,25,45,45,45,45,40
18:11:00-18:11:25,5,20,5,35
19:01:06-19:10:29,15,10,15,35
19:03:22-19:09:28,20,15,20,35
19:04:55-19:11:45,30,35,45,35
19:08:22-19:17:50,25,30,30,30,30,20,40,20,40,10
19:10:17-19:12:48,35,30,35,25,45,25
20:00:59-20:06:03,20,10,35,10
20:02:42-20:05:28,10,20,10,40,35,40
20:05:47-20:13:56,5,20,5,35
20:07:24-20:12:17,20,15,20,35
20:09:46-20:18:45,25,30,30,30,30,20,40,20,40,10
21:00:40-21:03:51,20,10,35,10
21:01:33-21:03:27,10,20,10,40,35,40
21:03:20-21:04:56,5,20,5,35
21:04:53-21:09:29,15,10,15,35
21:06:27-21:08:36,20,15,20,35
21:08:00-21:17:28,30,35,45,35
21:09:31-21:10:11,25,30,30,30,30,20,40,20,40,10
21:11:09-21:16:31,20,10,35,10
22:00:31-22:03:57,25,45,45,45,45,40
22:02:25-22:10:53,5,20,5,35
22:05:02-22:06:06,20,15,20,35
22:08:11-22:10:11,30,35,45,35
22:10:38-22:19:10,25,30,30,30,30,20,40,20,40,10
23:00:25-23:05:50,20,10,35,10
23:02:57-23:08:17,10,20,10,40,35,40
23:04:15-23:08:19,15,10,15,35
23:06:52-23:11:34,20,15,20,35
23:08:51-23:12:37,30,35,45,35
23:10:07-23:14:43,25,30,30,30,30,20,40,20,40,10
24:00:30-24:09:04,35,30,35,25,45,25
24:01:49-24:07:07,25,45,45,45,45,40
24:03:05-24:11:47,10,20,10,40,35,40
24:04:38-24:06:43,5,20,5,35
24:06:18-24:08:34,15,10,15,35
24:08:10-24:10:44,20,15,20,35
24:09:43-24:14:31,30,35,45,35
24:11:10-24:19:17,25,30,30,30,30,20,40,20,40,10
25:00:31-25:02:05,35,30,35,25,45,25
25:01:44-25:07:17,25,45,45,45,45,40
25:03:14-25:09:08,10,20,10,40,35,40
25:04:57-25:10:43,15,10,15,35
25:06:15-25:06:53,30,35,45,35
25:08:06-25:08:22,35,30,35,25,45,25
25:09:25-25:12:40,25,45,45,45,45,40
25:10:44-25:15:39,5,20,5,35
26:00:20-26:09:35,20,15,20,35
26:02:51-26:05:03,25,30,30,30,30,20,40,20,40,10
26:04:02-26:05:13,20,10,35,10
26:06:11-26:11:47,10,20,10,40,35,40
26:08:18-26:17:33,5,20,5,35
26:10:58-26:14:58,20,15,20,35
