01:00:36-01:08:21,10,20,10,40,35,40
01:01:57-01:05:40,15,10,15,35
01:03:06-01:03:25,20,15,20,35
01:05:14-01:11:22,30,35,45,35
01:06:26-01:08:02,35,30,35,25,45,25
01:07:54-01:12:47,20,10,35,10
01:09:38-01:09:42,25,45,45,45,45,40
01:10:45-01:12:09,10,20,10,40,35,40
02:00:36-02:10:06,15,10,15,35
02:02:27-02:07:54,20,15,20,35
02:04:10-02:04:56,30,35,45,35
02:05:27-02:08:55,25,30,30,30,30,20,40,20,40,10
02:07:38-02:08:50,20,10,35,10
02:08:54-02:10:20,25,45,45,45,45,40
02:10:48-02:12:26,5,20,5,35
03:00:24-03:01:45,20,15,20,35
03:02:03-03:10:40,25,30,30,30,30,20,40,20,40,10
03:03:15-03:03:33,35,30,35,25,45,25
03:04:42-03:06:09,20,10,35,10
03:06:31-03:06:51,25,45,45,45,45,40
03:07:31-03:15:15,5,20,5,35
03:09:25-03:18:14,20,15,20,35
03:10:55-03:16:25,25,30,30,30,30,20,40,20,40,10
04:00:07-04:07:19,35,30,35,25,45,25
04:01:48-04:10:28,25,45,45,45,45,40
04:03:15-04:05:27,5,20,5,35
04:04:01-04:07:01,15,10,15,35
04:05:47-04:13:43,20,15,20,35
04:07:12-04:13:02,25,30,30,30,30,20,40,20,40,10
04:08:31-04:13:00,35,30,35,25,45,25
04:09:39-04:10:44,20,10,35,10
04:11:07-04:15:07,25,45,45,45,45,40
05:00:01-05:02:17,5,20,5,35
05:02:31-05:05:09,15,10,15,35
05:04:51-05:13:25,30,35,45,35
05:06:11-05:12:11,25,30,30,30,30,20,40,20,40,10
05:08:23-05:10:51,35,30,35,25,45,25
05:10:52-05:16:29,20,10,35,10
06:00:24-06:04:08,25,45,45,45,45,40
06:03:32-06:07:31,10,20,10,40,35,40
06:05:35-06:13:49,5,20,5,35
06:08:01-06:08:25,15,10,15,35
06:10:40-06:18:29,20,15,20,35
07:00:12-07:07:55,25,30,30,30,30,20,40,20,40,10
07:01:43-07:06:55,35,30,35,25,45,25
07:03:14-07:08:41,25,45,45,45,45,40
07:04:34-07:08:50,5,20,5,35
07:06:06-07:11:09,15,10,15,35
07:07:42-07:16:46,30,35,45,35
07:09:28-07:14:18,35,30,35,25,45,25
07:11:08-07:17:54,25,45,45,45,45,40
08:00:19-08:05:54,5,20,5,35
08:01:44-08:05:33,20,15,20,35
08:04:01-08:06:22,25,30,30,30,30,20,40,20,40,10
08:05:14-08:07:06,35,30,35,25,45,25
08:07:36-08:16:16,25,45,45,45,45,40
08:08:55-08:12:55,5,20,5,35
08:10:35-08:15:22,20,15,20,35
09:00:24-09:05:32,30,35,45,35
09:02:58-09:10:09,35,30,35,25,45,25
09:04:21-09:13:37,20,10,35,10
09:06:22-09:09:22,25,45,45,45,45,40
09:08:56-09:17:31,10,20,10,40,35,40
09:10:52-09:19:22,5,20,5,35
10:00:37-10:04:07,20,15,20,35
10:02:44-10:11:06,30,35,45,35
10:04:06-10:10:44,25,30,30,30,30,20,40,20,40,10
10:06:12-10:13:45,20,10,35,10
10:08:09-10:13:23,25,45,45,45,45,40
10:10:41-10:13:29,10,20,10,40,35,40
11:00:41-11:02:03,5,20,5,35
11:02:47-11:10:56,15,10,15,35
11:04:33-11:08:33,30,35,45,35
11:06:22-11:06:42,25,30,30,30,30,20,40,20,40,10
11:08:15-11:12:20,35,30,35,25,45,25
11:10:35-11:16:27,20,10,35,10
12:00:15-12:02:13,25,45,45,45,45,40
12:02:02-12:06:19,10,20,10,40,35,40
12:03:26-12:08:58,5,20,5,35
12:05:17-12:09:52,20,15,20,35
12:07:32-12:08:12,25,30,30,30,30,20,40,20,40,10
12:09:16-12:09:24,35,30,35,25,45,25
12:10:38-12:16:45,20,10,35,10
13:01:04-13:08:16,10,20,10,40,35,40
13:03:17-13:10:25,15,10,15,35
13:05:50-13:08:58,30,35,45,35
13:07:30-13:09:57,25,30,30,30,30,20,40,20,40,10
13:09:57-13:14:12,35,30,35,25,45,25
14:00:20-14:05:56,25,45,45,45,45,40
14:02:28-14:07:02,10,20,10,40,35,40
14:04:14-14:08:14,5,20,5,35
14:05:37-14:10:33,15,10,15,35
14:07:10-14:09:47,20,15,20,35
14:08:45-14:10:04,25,30,30,30,30,20,40,20,40,10
14:10:49-14:17:15,35,30,35,25,45,25
15:00:19-15:09:52,20,10,35,10
15:02:22-15:07:22,10,20,10,40,35,40
15:04:13-15:12:06,15,10,15,35
15:06:50-15:16:23,30,35,45,35
15:08:22-15:14:18,25,30,30,30,30,20,40,20,40,10
15:10:46-15:17:09,20,10,35,10
16:00:35-16:01:41,25,45,45,45,45,40
16:02:08-16:06:11,10,20,10,40,35,40
16:03:36-16:13:10,5,20,5,35
16:05:56-16:12:31,15,10,15,35
16:07:28-16:12:28,30,35,45,35
16:09:14-16:14:07,25,30,30,30,30,20,40,20,40,10
16:10:27-16:16:18,20,10,35,10
17:00:03-17:07:00,10,20,10,40,35,40
17:01:32-17:10:15,15,10,15,35
17:03:14-17:11:30,20,15,20,35
17:04:39-17:11:27,30,35,45,35
17:06:10-17:12:50,25,30,30,30,30,20,40,20,40,10
17:07:54-17:09:05,35,30,35,25,45,25
17:09:08-17:11:17,25,45,45,45,45,40
17:10:51-17:18:23,10,20,10,40,35,40
18:00:35-18:07:02,15,10,15,35
18:01:46-18:11:12,30,35,45,35
18:03:11-18:09:09,35,30,35,25,45,25
18:04:47-18:08:03,20,10,35,10
18:06:15-18:07:26,25,45,45,45,45,40
18:07:36-18:09:33,5,20,5,35
18:09:32-18:14:22,20,15,20,35
18:10:34-18:19:25,25,30,30,30,30,20,40,20,40,10
19:00:22-19:05:24,35,30,35,25,45,25
19:01:33-19:05:28,25,45,45,45,45,40
19:02:46-19:07:20,10,20,10,40,35,40
19:04:28-19:05:11,5,20,5,35
19:05:50-19:10:49,15,10,15,35
19:06:44-19:09:12,20,15,20,35
19:08:19-19:09:53,30,35,45,35
19:09:50-19:18:18,35,30,35,25,45,25
19:10:57-19:18:26,20,10,35,10
20:00:48-20:01:28,25,45,45,45,45,40
20:03:33-20:03:51,10,20,10,40,35,40
20:05:23-20:06:25,15,10,15,35
20:07:45-20:16:57,20,15,20,35
20:10:29-20:16:13,25,30,30,30,30,20,40,20,40,10
21:00:13-21:06:33,20,10,35,10
21:01:31-21:02:53,10,20,10,40,35,40
21:03:28-21:06:58,15,10,15,35
21:04:53-21:05:25,20,15,20,35
21:06:41-21:12:09,25,30,30,30,30,20,40,20,40,10
21:07:44-21:08:06,35,30,35,25,45,25
21:09:33-21:10:01,25,45,45,45,45,40
21:11:11-21:19:19,5,20,5,35
22:00:28-22:09:47,20,15,20,35
22:02:29-22:07:39,30,35,45,35
22:05:52-22:12:33,35,30,35,25,45,25
22:07:56-22:16:17,25,45,45,45,45,40
22:09:48-22:18:04,5,20,5,35
23:00:01-23:01:17,20,15,20,35
23:01:46-23:05:16,30,35,45,35
23:02:55-23:10:23,35,30,35,25,45,25
23:04:20-23:13:01,20,10,35,10
23:05:41-23:09:37,25,45,45,45,45,40
23:07:06-23:10:17,5,20,5,35
23:08:23-23:12:11,20,15,20,35
23:09:31-23:16:38,30,35,45,35
23:10:43-23:16:35,25,30,30,30,30,20,40,20,40,10
24:00:33-24:08:37,20,10,35,10
24:01:42-24:04:22,10,20,10,40,35,40
24:03:24-24:10:55,5,20,5,35
24:05:14-24:14:48,15,10,15,35
24:06:27-24:14:49,20,15,20,35
24:07:33-24:09:55,25,30,30,30,30,20,40,20,40,10
24:09:23-24:17:15,20,10,35,10
24:10:37-24:14:38,10,20,10,40,35,40
25:00:10-25:03:56,15,10,15,35
25:02:26-25:06:17,30,35,45,35
25:04:05-25:07:44,25,30,30,30,30,20,40,20,40,10
25:06:51-25:08:19,35,30,35,25,45,25
25:08:48-25:16:50,25,45,45,45,45,40
25:10:01-25:18:51,10,20,10,40,35,40
26:00:02-26:09:06,15,10,15,35
26:02:55-26:05:07,30,35,45,35
26:05:50-26:10:34,35,30,35,25,45,25
26:08:09-26:10:35,25,45,45,45,45,40
26:09:56-26:13:34,5,20,5,35
