01:00:11-01:09:19,5,20,5,35
01:02:07-01:07:17,20,15,20,35
01:03:31-01:08:55,30,35,45,35
01:04:44-01:05:24,25,30,30,30,30,20,40,20,40,10
01:06:28-01:09:04,20,10,35,10
01:07:54-01:11:06,25,45,45,45,45,40
01:09:07-01:10:46,5,20,5,35
01:10:51-01:13:07,20,15,20,35
02:00:17-02:08:25,25,30,30,30,30,20,40,20,40,10
02:01:41-02:11:07,20,10,35,10
02:03:04-02:04:53,10,20,10,40,35,40
02:04:39-02:10:18,5,20,5,35
02:05:44-02:10:09,15,10,15,35
02:07:06-02:10:31,20,15,20,35
02:08:08-02:17:16,30,35,45,35
02:09:33-02:14:29,25,30,30,30,30,20,40,20,40,10
02:11:19-02:18:38,35,30,35,25,45,25
03:00:05-03:03:25,25,45,45,45,45,40
03:01:58-03:03:06,10,20,10,40,35,40
03:02:52-03:07:55,15,10,15,35
03:04:11-03:04:31,30,35,45,35
03:05:30-03:09:14,35,30,35,25,45,25
03:07:08-03:13:06,25,45,45,45,45,40
03:08:35-03:14:51,5,20,5,35
03:09:59-03:11:35,20,15,20,35
03:11:09-03:16:19,25,30,30,30,30,20,40,20,40,10
04:00:25-04:04:09,20,10,35,10
04:02:07-04:06:12,25,45,45,45,45,40
04:03:15-04:12:20,10,20,10,40,35,40
04:05:00-04:09:40,5,20,5,35
04:06:25-04:11:45,20,15,20,35
04:08:07-04:15:28,30,35,45,35
04:09:31-04:14:47,25,30,30,30,30,20,40,20,40,10
04:11:11-04:11:13,35,30,35,25,45,25
05:00:29-05:09:02,20,10,35,10
05:01:57-05:02:16,10,20,10,40,35,40
05:04:08-05:08:16,5,20,5,35
05:05:27-05:08:40,20,15,20,35
05:07:13-05:14:37,30,35,45,35
05:08:35-05:16:26,35,30,35,25,45,25
05:10:21-05:17:54,20,10,35,10
06:00:14-06:06:10,10,20,10,40,35,40
06:01:52-06:02:12,5,20,5,35
06:04:06-06:08:28,20,15,20,35
06:05:27-06:11:22,25,30,30,30,30,20,40,20,40,10
06:07:24-06:15:56,20,10,35,10
06:08:41-06:18:03,25,45,45,45,45,40
06:10:36-06:14:44,10,20,10,40,35,40
07:00:14-07:03:25,5,20,5,35
07:02:36-07:11:14,15,10,15,35
07:04:48-07:09:20,30,35,45,35
07:06:50-07:07:03,35,30,35,25,45,25
07:08:17-07:14:37,20,10,35,10
07:10:50-07:15:00,25,45,45,45,45,40
08:00:15-08:07:16,10,20,10,40,35,40
08:02:23-08:06:02,15,10,15,35
08:03:48-08:06:58,20,15,20,35
08:05:35-08:10:23,25,30,30,30,30,20,40,20,40,10
08:07:27-08:10:47,35,30,35,25,45,25
08:08:31-08:10:37,20,10,35,10
08:10:40-08:11:44,25,45,45,45,45,40
09:00:41-09:08:30,10,20,10,40,35,40
09:02:40-09:07:49,5,20,5,35
09:05:44-09:12:59,15,10,15,35
09:07:38-09:13:50,20,15,20,35
09:10:08-09:10:48,25,30,30,30,30,20,40,20,40,10
10:00:15-10:00:26,35,30,35,25,45,25
10:02:12-10:10:22,20,10,35,10
10:03:48-10:04:31,10,20,10,40,35,40
10:05:25-10:10:10,5,20,5,35
10:07:06-10:12:14,15,10,15,35
10:08:58-10:10:40,20,15,20,35
10:10:50-10:12:09,30,35,45,35
11:00:32-11:03:50,25,30,30,30,30,20,40,20,40,10
11:01:32-11:06:47,20,10,35,10
11:03:23-11:11:41,10,20,10,40,35,40
11:04:32-11:13:57,15,10,15,35
11:06:33-11:10:05,20,15,20,35
11:07:48-11:14:07,30,35,45,35
11:09:36-11:18:21,25,30,30,30,30,20,40,20,40,10
11:11:03-11:14:11,20,10,35,10
12:00:25-12:04:05,25,45,45,45,45,40
12:02:58-12:03:04,5,20,5,35
12:04:40-12:05:45,20,15,20,35
12:06:59-12:16:02,30,35,45,35
12:08:02-12:10:49,25,30,30,30,30,20,40,20,40,10
12:10:13-12:18:00,35,30,35,25,45,25
13:00:18-13:08:22,20,10,35,10
13:02:40-13:08:02,10,20,10,40,35,40
13:05:13-13:05:27,5,20,5,35
13:08:07-13:12:41,20,15,20,35
13:10:20-13:19:37,30,35,45,35
14:00:32-14:08:19,25,30,30,30,30,20,40,20,40,10
14:02:04-14:05:14,20,10,35,10
14:04:10-14:04:14,25,45,45,45,45,40
14:05:28-14:13:40,5,20,5,35
14:06:57-14:07:35,15,10,15,35
14:09:14-14:12:01,30,35,45,35
14:10:59-14:11:58,35,30,35,25,45,25
15:00:36-15:00:41,25,45,45,45,45,40
15:01:41-15:09:28,5,20,5,35
15:03:23-15:05:15,20,15,20,35
15:05:10-15:12:38,25,30,30,30,30,20,40,20,40,10
15:06:14-15:15:16,35,30,35,25,45,25
15:08:00-15:11:04,20,10,35,10
15:09:00-15:17:06,10,20,10,40,35,40
15:10:44-15:16:55,5,20,5,35
16:00:05-16:09:21,15,10,15,35
16:01:21-16:06:30,20,15,20,35
16:02:52-16:10:54,25,30,30,30,30,20,40,20,40,10
16:04:14-16:04:28,35,30,35,25,45,25
16:05:46-16:14:10,25,45,45,45,45,40
16:06:47-16:12:47,5,20,5,35
16:08:28-16:08:53,15,10,15,35
16:09:47-16:18:11,30,35,45,35
16:11:05-16:14:23,35,30,35,25,45,25
17:00:45-17:02:18,20,10,35,10
17:03:12-17:12:09,10,20,10,40,35,40
17:04:52-17:10:23,5,20,5,35
17:08:10-17:10:10,20,15,20,35
17:10:39-17:18:57,30,35,45,35
18:00:17-18:08:06,35,30,35,25,45,25
18:02:28-18:05:10,20,10,35,10
18:03:36-18:06:28,25,45,45,45,45,40
18:05:32-18:06:03,10,20,10,40,35,40
18:07:36-18:08:01,15,10,15,35
18:08:43-18:11:56,20,15,20,35
18:10:14-18:12:10,30,35,45,35
19:00:21-19:03:09,25,30,30,30,30,20,40,20,40,10
19:01:53-19:04:15,20,10,35,10
19:02:41-19:08:36,25,45,45,45,45,40
19:04:36-19:08:38,5,20,5,35
19:05:58-19:14:18,15,10,15,35
19:07:14-19:13:43,20,15,20,35
19:08:00-19:13:24,30,35,45,35
19:09:31-19:13:49,25,30,30,30,30,20,40,20,40,10
19:10:45-19:11:40,20,10,35,10
20:00:14-20:08:35,10,20,10,40,35,40
20:02:01-20:04:30,15,10,15,35
20:04:18-20:06:46,30,35,45,35
20:06:44-20:13:41,25,30,30,30,30,20,40,20,40,10
20:08:50-20:17:06,20,10,35,10
20:10:19-20:11:17,10,20,10,40,35,40
21:00:04-21:08:02,15,10,15,35
21:01:31-21:03:15,20,15,20,35
21:03:38-21:08:54,30,35,45,35
21:04:49-21:14:17,25,30,30,30,30,20,40,20,40,10
21:06:22-21:15:12,20,10,35,10
21:08:05-21:14:17,10,20,10,40,35,40
21:09:23-21:09:25,5,20,5,35
21:10:53-21:14:51,15,10,15,35
22:00:41-22:08:19,30,35,45,35
22:02:46-22:07:10,35,30,35,25,45,25
22:05:44-22:08:33,20,10,35,10
22:07:22-22:15:22,25,45,45,45,45,40
22:10:35-22:18:25,5,20,5,35
23:00:21-23:06:13,15,10,15,35
23:01:35-23:07:23,30,35,45,35
23:03:22-23:03:54,25,30,30,30,30,20,40,20,40,10
23:04:53-23:13:01,35,30,35,25,45,25
23:06:34-23:13:49,25,45,45,45,45,40
23:07:34-23:10:02,5,20,5,35
23:09:36-23:11:54,15,10,15,35
23:10:48-23:16:49,20,15,20,35
24:00:28-24:07:20,25,30,30,30,30,20,40,20,40,10
24:02:10-24:08:06,20,10,35,10
24:03:28-24:10:52,25,45,45,45,45,40
24:05:40-24:08:18,10,20,10,40,35,40
24:07:10-24:09:06,15,10,15,35
24:09:10-24:13:30,30,35,45,35
24:10:41-24:12:41,35,30,35,25,45,25
25:01:09-25:07:59,20,10,35,10
25:03:24-25:05:59,25,45,45,45,45,40
25:04:54-25:11:04,5,20,5,35
25:08:03-25:13:16,15,10,15,35
25:09:44-25:14:31,20,15,20,35
26:00:42-26:07:26,30,35,45,35
26:02:04-26:03:33,25,30,30,30,30,20,40,20,40,10
26:04:42-26:08:18,20,10,35,10
26:06:18-26:15:09,10,20,10,40,35,40
26:08:50-26:16:47,5,20,5,35
26:10:15-26:18:23,15,10,15,35
