01:00:57-01:07:32,10,20,10,40,35,40
01:02:08-01:05:17,5,20,5,35
01:04:09-01:12:08,15,10,15,35
01:06:39-01:06:53,30,35,45,35
01:08:16-01:10:32,35,30,35,25,45,25
01:10:48-01:18:39,20,10,35,10
02:00:15-02:08:24,10,20,10,40,35,40
02:02:10-02:09:43,5,20,5,35
02:04:06-02:12:23,20,15,20,35
02:06:12-02:12:18,30,35,45,35
02:08:35-02:13:46,35,30,35,25,45,25
02:10:43-02:12:45,25,45,45,45,45,40
03:00:12-03:08:05,10,20,10,40,35,40
03:01:50-03:06:27,5,20,5,35
03:02:57-03:04:34,20,15,20,35
03:04:16-03:12:16,30,35,45,35
03:05:52-03:12:22,25,30,30,30,30,20,40,20,40,10
03:07:02-03:10:55,20,10,35,10
03:08:06-03:14:28,25,45,45,45,45,40
03:09:29-03:12:02,5,20,5,35
03:10:50-03:17:38,15,10,15,35
04:00:27-04:02:32,20,15,20,35
04:01:38-04:02:01,25,30,30,30,30,20,40,20,40,10
04:03:39-04:05:38,35,30,35,25,45,25
04:04:34-04:11:18,25,45,45,45,45,40
04:06:32-04:13:18,10,20,10,40,35,40
04:08:07-04:10:53,5,20,5,35
04:09:04-04:12:13,15,10,15,35
04:10:44-04:17:11,30,35,45,35
05:00:02-05:04:18,25,30,30,30,30,20,40,20,40,10
05:02:08-05:06:11,20,10,35,10
05:03:44-05:11:28,25,45,45,45,45,40
05:04:39-05:05:57,5,20,5,35
05:06:25-05:08:27,15,10,15,35
05:07:59-05:10:33,20,15,20,35
05:09:31-05:11:27,30,35,45,35
05:11:12-05:20:27,25,30,30,30,30,20,40,20,40,10
06:00:16-06:02:44,35,30,35,25,45,25
06:02:12-06:02:49,20,10,35,10
06:03:38-06:08:47,10,20,10,40,35,40
06:05:09-06:10:37,5,20,5,35
06:06:26-06:13:53,20,15,20,35
06:07:53-06:08:13,25,30,30,30,30,20,40,20,40,10
06:09:16-06:14:45,20,10,35,10
06:10:58-06:11:09,25,45,45,45,45,40
07:00:43-07:00:56,10,20,10,40,35,40
07:01:53-07:03:57,15,10,15,35
07:03:18-07:06:37,30,35,45,35
07:05:04-07:13:28,25,30,30,30,30,20,40,20,40,10
07:06:11-07:14:23,20,10,35,10
07:08:13-07:14:51,25,45,45,45,45,40
07:09:09-07:10:02,10,20,10,40,35,40
07:11:00-07:18:30,15,10,15,35
08:00:02-08:09:12,20,15,20,35
08:01:42-08:06:29,30,35,45,35
08:03:41-08:08:11,35,30,35,25,45,25
08:04:47-08:08:55,20,10,35,10
08:06:12-08:08:01,10,20,10,40,35,40
08:07:41-08:08:48,15,10,15,35
08:09:12-08:15:44,30,35,45,35
08:10:56-08:17:09,25,30,30,30,30,20,40,20,40,10
09:00:26-09:02:34,35,30,35,25,45,25
09:02:02-09:04:46,25,45,45,45,45,40
09:03:17-09:09:21,5,20,5,35
09:05:09-09:13:04,20,15,20,35
09:06:01-09:09:39,30,35,45,35
09:07:32-09:13:39,35,30,35,25,45,25
09:09:12-09:15:28,20,10,35,10
09:10:46-09:14:06,25,45,45,45,45,40
10:00:27-10:04:49,5,20,5,35
10:03:09-10:04:30,20,15,20,35
10:05:04-10:10:21,30,35,45,35
10:07:24-10:13:44,25,30,30,30,30,20,40,20,40,10
10:10:21-10:10:42,20,10,35,10
11:00:47-11:09:57,25,45,45,45,45,40
11:02:15-11:05:06,10,20,10,40,35,40
11:03:35-11:04:31,5,20,5,35
11:05:22-11:08:48,20,15,20,35
11:06:55-11:07:01,25,30,30,30,30,20,40,20,40,10
11:09:18-11:09:18,35,30,35,25,45,25
11:10:38-11:17:41,20,10,35,10
12:00:09-12:05:43,10,20,10,40,35,40
12:02:35-12:09:57,15,10,15,35
12:04:55-12:06:26,30,35,45,35
12:07:51-12:14:22,25,30,30,30,30,20,40,20,40,10
12:10:05-12:19:13,35,30,35,25,45,25
13:00:17-13:02:31,25,45,45,45,45,40
13:01:31-13:06:23,5,20,5,35
13:03:24-13:05:14,15,10,15,35
13:05:03-13:05:58,20,15,20,35
13:06:28-13:11:35,30,35,45,35
13:07:51-13:08:04,25,30,30,30,30,20,40,20,40,10
13:09:00-13:14:47,35,30,35,25,45,25
13:11:02-13:17:05,25,45,45,45,45,40
14:00:22-14:04:46,5,20,5,35
14:02:34-14:08:09,20,15,20,35
14:05:59-14:11:15,25,30,30,30,30,20,40,20,40,10
14:07:58-14:13:14,35,30,35,25,45,25
14:10:35-14:12:04,25,45,45,45,45,40
15:00:20-15:04:47,10,20,10,40,35,40
15:01:37-15:03:05,15,10,15,35
15:03:01-15:07:46,30,35,45,35
15:04:56-15:11:24,35,30,35,25,45,25
15:06:43-15:11:19,25,45,45,45,45,40
15:08:03-15:08:28,10,20,10,40,35,40
15:09:41-15:15:41,15,10,15,35
15:10:48-15:16:49,30,35,45,35
16:00:19-16:04:20,35,30,35,25,45,25
16:02:00-16:11:15,20,10,35,10
16:04:04-16:06:05,25,45,45,45,45,40
16:05:47-16:15:14,10,20,10,40,35,40
16:07:07-16:10:52,5,20,5,35
16:08:32-16:13:20,15,10,15,35
16:10:17-16:15:42,20,15,20,35
17:00:13-17:03:48,25,30,30,30,30,20,40,20,40,10
17:02:10-17:09:09,20,10,35,10
17:03:13-17:07:19,25,45,45,45,45,40
17:05:10-17:06:46,5,20,5,35
17:06:00-17:07:30,20,15,20,35
17:07:31-17:11:27,30,35,45,35
17:09:12-17:12:55,25,30,30,30,30,20,40,20,40,10
17:10:47-17:11:32,35,30,35,25,45,25
18:00:32-18:09:28,20,10,35,10
18:01:40-18:03:12,10,20,10,40,35,40
18:03:39-18:06:46,15,10,15,35
18:04:37-18:07:39,20,15,20,35
18:06:05-18:11:29,25,30,30,30,30,20,40,20,40,10
18:08:06-18:17:25,35,30,35,25,45,25
18:09:36-18:09:52,20,10,35,10
18:10:53-18:18:19,25,45,45,45,45,40
19:00:38-19:09:32,5,20,5,35
19:01:25-19:05:58,15,10,15,35
19:02:47-19:12:11,30,35,45,35
19:04:05-19:12:38,25,30,30,30,30,20,40,20,40,10
19:05:51-19:06:18,20,10,35,10
19:07:16-19:16:24,25,45,45,45,45,40
19:08:18-19:12:34,5,20,5,35
19:09:52-19:16:22,20,15,20,35
19:11:02-19:18:23,30,35,45,35
20:00:21-20:02:27,35,30,35,25,45,25
20:02:08-20:02:49,20,10,35,10
20:03:24-20:08:38,10,20,10,40,35,40
20:04:35-20:05:57,15,10,15,35
20:06:40-20:13:38,30,35,45,35
20:07:35-20:09:51,35,30,35,25,45,25
20:09:08-20:11:20,25,45,45,45,45,40
20:10:40-20:11:06,10,20,10,40,35,40
21:00:37-21:03:30,15,10,15,35
21:02:09-21:11:25,30,35,45,35
21:03:11-21:09:49,25,30,30,30,30,20,40,20,40,10
21:05:11-21:11:15,35,30,35,25,45,25
21:06:40-21:12:51,25,45,45,45,45,40
21:07:45-21:16:15,10,20,10,40,35,40
21:09:03-21:16:22,15,10,15,35
21:11:03-21:11:47,20,15,20,35
22:00:07-22:07:59,30,35,45,35
22:01:45-22:07:52,35,30,35,25,45,25
22:03:07-22:04:17,20,10,35,10
22:04:01-22:12:11,10,20,10,40,35,40
22:05:53-22:12:50,15,10,15,35
22:07:05-22:10:19,20,15,20,35
22:08:22-22:13:37,25,30,30,30,30,20,40,20,40,10
22:09:30-22:16:09,20,10,35,10
22:10:59-22:15:48,25,45,45,45,45,40
23:00:34-23:00:44,10,20,10,40,35,40
23:01:42-23:08:56,15,10,15,35
23:03:34-23:10:14,30,35,45,35
23:04:52-23:08:59,35,30,35,25,45,25
23:06:21-23:15:14,20,10,35,10
23:08:02-23:08:50,10,20,10,40,35,40
23:09:08-23:17:32,15,10,15,35
23:10:55-23:19:12,20,15,20,35
24:00:25-24:00:39,30,35,45,35
24:02:23-24:11:32,35,30,35,25,45,25
24:04:40-24:07:34,20,10,35,10
24:06:48-24:08:36,25,45,45,45,45,40
24:08:39-24:16:01,10,20,10,40,35,40
24:10:29-24:12:59,5,20,5,35
25:00:26-25:06:49,20,15,20,35
25:02:00-25:05:23,30,35,45,35
25:04:54-25:11:37,25,30,30,30,30,20,40,20,40,10
25:06:51-25:09:39,20,10,35,10
25:08:50-25:13:56,10,20,10,40,35,40
25:10:37-25:10:45,5,20,5,35
26:00:35-26:00:52,20,15,20,35
26:02:59-26:04:49,30,35,45,35
26:04:48-26:13:44,35,30,35,25,45,25
26:06:44-26:10:38,20,10,35,10
26:08:40-26:10:18,10,20,10,40,35,40
26:10:57-26:13:33,5,20,5,35
