04:01:43,25,38,3,12
21:13:14,14,47,2,8
11:09:07,44,1,46,14
15:02:24,67,34,1,5
16:01:58,1,6,1,11
17:10:25,59,6,9,5
03:03:01,0,37,3,8
21:02:07,25,48,1,12
11:05:05,14,41,2,9
07:13:37,7,26,21,4
29:11:31,0,1,12,18
27:01:51,25,42,23,4
14:02:17,15,42,9,4
31:02:49,14,0,3,4
06:09:39,9,34,14,16
26:10:41,4,8,1,7
02:17:41,1,5,1,8
29:16:41,39,29,3,9
15:13:29,21,36,3,12
18:20:49,35,37,9,12
27:03:01,8,33,11,18
09:10:53,67,49,2,16
20:04:34,60,48,1,14
23:08:04,35,41,24,18
08:12:57,65,6,26,19
11:10:12,49,9,14,18
05:23:01,7,27,13,12
16:07:49,41,16,13,5
18:19:45,19,32,1,17
10:16:09,10,32,11,18
21:02:37,21,8,49,12
06:17:18,68,33,2,4
04:07:31,40,48,3,18
27:13:41,30,7,12,17
07:03:13,14,44,10,4
16:01:26,23,24,14,14
17:06:57,65,16,1,16
28:06:01,34,32,1,17
05:14:45,63,13,14,4
05:09:31,48,44,3,4
05:06:21,57,12,3,4
08:11:29,17,37,11,30
21:01:32,68,40,47,4
15:16:42,10,44,5,15
18:12:22,60,8,7,13
02:05:24,47,16,14,28
01:09:49,42,40,11,5
29:13:01,11,2,13,10
07:06:32,31,38,3,7
06:04:33,57,7,1,29
24:10:41,42,12,16,14
23:01:46,42,16,8,7
16:11:36,66,42,1,19
24:13:11,68,28,2,14
03:16:44,13,35,1,11
01:15:02,41,48,1,11
14:18:09,9,30,17,12
01:17:51,52,47,20,8
11:07:05,20,6,11,12
04:08:37,18,9,2,10
22:02:14,5,47,2,5
05:01:51,0,16,13,16
03:07:37,63,30,3,17
05:11:01,7,11,5,15
14:13:37,58,9,2,6
08:17:18,44,2,11,14
08:07:40,12,47,3,12
21:03:55,51,5,1,12
02:10:41,16,1,2,10
27:03:21,10,8,52,12
25:11:41,46,49,2,18
11:04:49,32,43,3,14
20:06:56,7,33,3,26
03:15:19,29,29,7,4
25:00:21,38,14,22,15
24:01:06,38,25,11,15
01:03:25,53,11,6,10
25:09:01,18,14,18,7
14:09:20,10,2,2,12
15:05:05,67,12,7,4
12:12:49,28,1,7,12
13:12:48,35,35,9,16
24:17:59,58,11,2,4
13:03:42,44,25,7,4
24:06:51,36,18,2,4
22:01:32,67,42,1,26
05:03:08,67,29,51,18
09:02:00,21,17,2,4
29:14:57,55,0,2,4
09:11:37,34,23,24,12
16:00:53,38,33,3,12
12:16:09,60,21,1,8
02:11:38,39,3,3,18
24:09:14,44,31,18,16
03:15:53,49,32,5,6
20:19:57,13,43,3,8
19:06:49,65,7,37,12
18:08:49,11,42,2,12
16:01:31,25,6,2,15
17:21:05,62,25,9,8
14:12:17,20,0,2,4
04:06:32,29,23,54,13
30:07:43,24,28,3,12
14:04:25,18,25,1,4
01:04:33,32,44,2,9
14:04:21,38,46,1,13
27:03:24,44,44,2,12
25:08:25,26,0,3,10
19:04:21,21,48,7,11
24:16:01,28,48,3,17
01:00:52,58,41,2,18
15:10:25,15,14,6,14
29:00:31,23,26,30,16
03:00:18,49,41,14,25
16:01:11,50,42,3,10
10:14:06,20,43,1,12
14:09:41,0,13,12,4
18:15:24,50,4,1,16
28:04:51,6,21,9,13
24:07:21,46,9,2,14
17:02:01,5,23,7,13
25:01:41,28,16,6,20
25:05:31,57,17,9,24
04:05:58,66,23,21,11
27:11:20,61,21,2,6
15:10:38,18,10,3,12
04:00:18,34,18,2,6
15:02:37,38,4,1,4
15:04:21,25,33,49,16
01:07:19,24,18,7,17
09:06:25,62,31,11,17
28:08:41,7,39,3,4
27:09:07,62,3,3,17
10:06:29,15,11,3,6
16:15:37,58,38,13,15
28:15:13,28,24,10,13
07:18:26,52,48,2,36
30:17:31,1,36,3,14
05:05:25,44,26,6,5
03:09:11,16,49,2,24
29:08:04,15,8,17,9
03:05:41,28,23,8,15
08:07:23,35,45,3,24
03:04:16,21,40,3,16
25:03:03,38,16,9,6
18:19:29,68,30,3,21
02:08:11,46,20,2,14
20:14:06,52,28,14,4
05:22:21,49,31,1,25
05:20:01,9,16,2,6
11:02:31,67,13,3,9
07:18:09,33,20,6,36
17:10:26,44,30,3,13
24:07:11,64,40,3,12
07:07:23,29,42,2,11
11:03:21,55,22,2,10
01:10:47,39,33,1,42
03:05:41,19,43,2,14
28:12:44,28,14,14,8
16:08:15,38,13,20,7
25:09:51,3,39,12,23
28:04:31,39,37,3,7
17:21:37,26,7,6,14
10:02:13,7,12,3,17
28:11:21,63,37,2,14
08:14:11,64,45,13,8
05:09:56,55,27,7,17
05:19:11,67,26,3,9
31:18:06,41,40,1,7
05:02:26,68,7,13,6
14:07:10,42,8,2,15
13:02:24,60,45,9,16
20:04:08,28,9,1,24
01:15:51,46,16,2,11
07:17:52,12,21,1,17
18:20:10,39,26,8,8
11:02:24,68,8,2,4
15:11:43,38,12,8,13
12:05:52,44,41,1,6
03:08:51,4,23,18,11
20:11:56,33,26,27,12
30:18:31,14,4,52,4
07:14:13,27,35,16,10
16:06:31,39,17,2,16
23:12:09,66,44,49,18
09:15:19,52,24,21,15
13:11:37,61,16,1,12
13:09:20,56,14,6,4
05:02:19,4,6,15,10
03:08:13,49,16,10,17
04:10:37,51,6,11,17
31:05:51,11,43,2,27
04:09:56,66,14,21,30
26:14:41,11,25,48,15
06:08:48,11,0,2,12
15:01:01,46,35,3,10
06:01:49,41,24,6,4
14:09:33,26,25,51,13
06:20:25,50,5,1,7
16:02:11,59,5,2,22
10:16:29,22,3,15,4
29:04:45,44,23,1,17
07:10:01,55,6,2,14
29:14:41,25,36,9,4
07:10:47,8,36,2,18
22:02:24,17,12,7,10
03:10:25,14,9,3,4
14:03:42,26,35,6,14
06:04:51,56,39,5,4
20:18:00,57,47,5,16
14:01:53,18,15,3,18
10:04:21,64,11,2,4
07:10:41,59,18,13,24
26:14:11,13,33,20,15
07:16:44,58,14,47,17
25:17:21,68,4,14,24
18:06:44,49,11,12,40
27:04:20,61,2,6,14
06:16:51,12,1,2,16
14:10:09,62,47,1,13
04:17:51,69,39,1,4
13:13:16,54,23,2,31
05:06:43,46,5,9,7
02:07:23,63,17,1,21
15:16:03,40,41,3,7
07:01:09,29,10,3,38
01:14:45,43,18,2,16
13:01:06,16,25,2,8
24:04:11,49,19,2,4
11:00:25,32,17,5,16
11:10:25,58,42,3,11
28:01:51,47,27,1,14
12:04:47,44,34,2,4
22:16:03,54,12,3,7
12:18:17,8,39,8,8
15:18:26,34,46,3,10
30:13:31,67,23,9,8
02:06:15,18,48,13,5
10:11:05,31,42,15,7
23:12:22,9,47,3,4
11:04:08,66,49,9,10
01:13:43,7,20,12,6
18:20:36,31,11,2,17
04:17:41,60,44,1,12
04:12:46,67,0,14,13
18:11:43,27,18,10,9
20:18:52,29,37,3,12
13:05:13,32,26,9,5
10:01:13,8,20,14,29
01:19:00,13,40,12,18
23:14:58,7,38,2,13
26:05:31,25,25,3,14
30:04:21,36,32,2,12
04:10:13,12,44,5,12
07:10:30,3,37,18,14
25:14:26,11,17,14,16
18:13:45,54,40,10,12
29:09:56,57,45,13,12
05:02:01,20,9,1,4
21:10:52,30,18,31,12
14:14:25,46,12,3,12
17:05:26,68,36,11,8
15:09:20,56,17,2,16
16:09:33,19,22,12,6
20:16:42,59,15,1,15
13:12:01,52,33,3,9
05:14:19,55,5,14,14
26:06:51,36,5,3,17
09:11:21,62,6,8,17
16:06:44,67,11,3,18
27:03:59,26,11,8,17
18:03:03,40,38,21,10
27:15:51,14,20,48,12
15:16:29,62,10,9,7
16:07:29,55,48,7,13
14:13:40,18,32,1,12
03:16:01,22,13,8,13
15:09:07,24,4,14,15
26:10:59,59,34,26,16
01:09:41,32,25,3,17
06:06:41,69,46,46,8
18:06:51,24,41,23,5
27:02:41,61,3,1,27
22:01:06,43,38,2,37
08:09:22,48,45,16,7
16:04:57,39,39,2,4
18:19:57,15,33,6,17
14:00:40,15,9,14,17
13:01:45,58,2,12,15
27:14:11,33,19,3,4
10:04:19,67,18,1,30
12:03:03,36,21,3,4
08:13:21,61,36,2,24
30:15:11,6,10,14,6
16:03:16,54,18,1,19
07:04:09,47,30,3,12
29:00:21,60,34,1,4
05:11:11,18,13,2,16
14:07:49,45,0,2,10
28:15:32,40,4,5,12
17:10:25,65,4,3,16
16:00:27,30,11,3,34
27:00:29,47,6,3,14
19:05:39,10,0,14,17
12:05:39,56,35,19,4
14:05:00,40,44,3,4
16:11:06,21,3,3,15
14:14:56,0,35,47,14
01:10:31,46,7,22,13
13:01:16,20,21,18,15
06:01:43,22,12,2,15
03:00:52,17,29,3,40
05:10:25,65,2,24,15
08:06:15,42,30,5,17
11:10:51,65,40,1,4
06:16:21,29,22,2,7
17:01:45,37,11,1,6
30:13:40,14,40,10,7
03:00:35,10,19,1,8
03:06:37,6,8,3,16
03:17:41,22,25,13,8
20:00:27,69,23,8,27
21:01:11,33,30,14,8
09:03:08,10,34,50,26
14:04:26,62,23,13,7
14:05:26,45,45,8,8
22:21:02,51,23,10,13
20:19:05,9,1,11,12
24:11:51,62,39,11,14
29:19:01,39,45,7,26
18:19:44,45,5,12,25
15:12:17,9,7,1,38
16:11:37,69,21,5,5
26:09:01,23,14,9,14
28:11:11,22,32,13,4
15:17:34,1,26,9,4
02:09:41,7,30,11,16
24:14:51,65,17,3,14
07:07:57,5,3,2,6
24:02:01,28,2,2,12
22:04:34,14,32,10,8
18:00:09,48,30,21,14
14:02:49,37,12,2,14
05:07:21,9,2,6,41
18:03:13,7,43,6,16
01:17:41,23,49,14,8
31:07:43,22,19,2,6
28:14:21,9,29,10,7
08:03:59,37,9,2,5
30:15:39,27,31,19,21
10:14:57,34,41,1,11
23:00:26,16,3,11,10
24:19:51,23,22,24,12
23:10:17,14,28,13,18
09:12:57,66,3,5,13
09:08:31,12,5,3,17
21:17:47,24,39,8,16
14:00:49,67,6,7,17
19:00:49,43,14,2,17
13:13:37,65,31,11,15
14:04:01,41,29,3,8
18:06:31,19,19,7,10
10:10:57,68,13,1,4
12:15:24,4,26,3,5
06:03:31,64,17,1,14
11:05:01,36,49,14,9
11:04:47,6,38,29,11
13:13:14,20,13,3,18
01:06:15,22,28,13,14
02:07:21,16,18,1,17
13:04:08,20,46,12,30
14:04:21,47,13,2,15
02:13:20,27,11,1,16
23:16:55,18,16,6,11
27:09:01,60,15,34,7
19:05:26,19,31,3,14
25:14:21,59,30,21,16
11:11:13,54,45,7,14
15:11:17,27,12,13,35
04:10:47,49,26,21,18
15:00:25,69,20,1,5
04:00:31,47,8,2,17
01:03:11,17,17,7,24
27:11:51,2,8,2,14
24:05:11,37,22,1,18
28:10:59,45,12,13,4
04:09:21,59,10,14,15
02:16:41,18,21,8,12
23:00:14,27,1,13,14
02:07:41,30,39,3,10
02:13:37,4,34,3,12
05:00:31,47,18,14,7
07:09:29,2,39,3,16
03:17:01,57,30,9,23
17:20:49,15,20,2,13
14:15:37,39,25,5,30
15:09:46,68,2,3,4
11:01:25,65,28,8,13
05:18:01,13,36,2,15
31:03:52,30,31,18,6
03:12:46,7,0,10,6
01:02:00,22,27,1,4
03:17:35,23,44,3,10
08:09:31,9,36,1,15
20:17:03,67,10,1,4
06:00:52,2,36,13,15
06:04:50,44,10,46,15
27:15:36,56,30,9,5
22:19:57,65,21,3,12
29:11:51,61,44,9,16
28:12:01,30,44,17,4
13:17:08,25,30,2,13
30:03:31,3,19,2,13
17:07:36,30,24,1,12
15:13:13,19,20,2,24
12:08:41,53,0,2,15
09:14:17,31,28,1,12
20:05:51,13,41,1,24
14:14:58,7,24,2,9
18:19:31,5,34,6,36
17:08:57,44,37,1,4
24:03:51,60,3,3,7
17:16:03,66,38,2,15
15:01:37,45,22,8,27
20:07:10,2,26,1,18
10:01:53,27,7,21,16
16:14:41,58,25,20,12
06:16:41,43,29,8,16
27:07:51,47,35,1,12
15:04:47,6,20,7,7
14:16:16,8,22,7,9
04:10:01,40,27,7,25
22:04:47,14,19,9,12
18:07:23,15,13,13,7
06:03:25,23,40,2,16
10:11:56,29,36,22,7
17:16:42,38,35,19,12
20:07:11,49,44,3,18
15:11:56,32,30,2,4
10:12:48,31,43,3,12
27:13:40,65,26,8,18
03:05:01,8,40,3,8
05:12:12,56,3,1,4
20:05:02,45,18,3,14
14:09:26,35,2,3,11
10:04:08,36,39,1,17
03:10:13,50,43,15,17
05:18:43,33,21,14,17
04:09:25,59,14,3,11
31:13:40,50,23,8,13
16:01:32,25,26,1,11
13:03:13,64,47,2,12
02:02:21,66,17,8,4
23:14:37,45,37,6,5
21:19:05,48,16,3,8
03:06:43,34,36,3,7
06:02:17,57,26,2,32
23:19:02,62,15,35,38
21:14:32,21,27,12,21
17:20:01,1,37,7,15
12:05:00,60,27,45,9
04:00:51,60,9,3,32
09:10:13,14,14,15,11
06:10:07,67,17,3,12
02:17:21,64,36,3,4
01:17:18,57,8,1,13
05:07:51,57,29,1,15
09:08:57,23,2,14,18
03:00:51,12,49,10,13
07:04:50,67,30,5,14
05:04:33,2,35,10,12
08:00:35,34,44,2,8
02:03:31,32,13,15,18
02:00:52,2,17,22,4
26:09:51,3,7,24,18
12:08:15,29,49,3,20
04:11:21,44,21,3,8
18:12:35,60,28,1,18
24:12:41,14,26,14,7
24:08:21,50,35,7,24
17:13:27,69,19,7,4
14:03:13,38,42,2,12
09:03:55,41,17,11,16
13:04:21,46,32,1,10
08:10:47,36,23,2,6
20:16:55,54,13,10,11
05:05:46,44,20,14,10
18:05:13,9,37,13,15
20:02:35,64,14,1,18
04:11:56,50,25,16,14
19:16:55,65,9,24,10
17:04:34,57,20,14,9
22:06:12,41,4,12,9
07:05:13,54,2,10,12
22:06:19,48,9,2,11
06:03:19,55,46,2,18
07:05:29,15,37,2,17
30:12:58,27,19,9,11
05:12:49,29,5,3,17
09:13:01,24,38,12,14
15:13:27,0,34,2,8
30:11:11,16,4,3,17
21:17:21,52,32,35,15
01:05:55,48,0,20,17
25:14:11,45,14,3,12
25:04:41,15,44,2,7
22:18:39,37,42,3,16
14:12:22,12,25,11,17
28:07:29,58,40,2,12
03:09:56,6,34,1,16
02:11:55,10,17,24,42
23:02:07,42,13,6,17
16:08:33,13,28,10,9
17:17:29,15,15,2,17
06:15:11,37,38,13,18
08:13:54,64,44,3,4
17:15:37,2,24,13,17
02:11:21,14,10,6,16
24:16:49,7,23,2,40
05:14:31,69,28,3,16
10:17:07,42,41,7,36
19:15:50,34,7,2,15
07:07:01,45,2,41,8
05:05:19,62,44,1,17
24:08:04,12,29,2,14
28:01:31,29,30,7,5
23:15:05,15,7,11,5
09:07:06,11,36,1,14
10:07:23,59,17,1,18
01:06:49,65,12,1,18
05:16:27,41,47,7,12
28:19:11,49,24,1,8
20:00:29,17,34,43,14
01:06:01,14,16,9,7
06:15:02,46,26,17,7
24:13:47,17,31,6,12
15:08:21,30,45,2,17
12:11:56,37,15,2,9
14:02:50,9,11,1,6
29:06:21,10,23,1,16
07:04:09,53,21,2,15
05:11:55,9,0,1,15
11:00:53,33,47,17,14
18:04:21,18,37,6,18
08:04:50,51,34,13,18
31:13:54,59,7,9,14
03:09:01,18,45,16,18
05:12:29,0,24,14,18
16:12:35,40,49,3,12
31:05:02,55,16,16,4
27:01:31,50,47,1,4
03:02:11,64,26,12,14
02:13:31,40,2,11,14
09:04:33,13,17,3,9
02:12:43,63,36,2,18
24:05:02,12,15,3,18
04:00:52,5,38,2,12
01:09:22,55,20,11,12
07:08:31,53,18,11,15
28:08:01,36,6,7,17
18:15:45,51,7,1,12
03:03:42,37,37,14,17
17:11:04,29,0,1,15
23:02:49,56,46,6,16
12:03:21,12,32,2,15
05:16:46,30,20,7,10
19:13:27,0,39,12,12
03:15:02,40,0,22,16
26:09:11,7,28,14,18
10:14:45,55,44,2,4
20:15:37,1,38,2,12
01:16:51,24,31,19,12
16:19:18,60,39,1,16
11:08:37,42,15,3,20
16:00:41,69,11,5,41
12:14:07,60,18,24,18
24:14:31,65,37,2,37
02:14:11,65,19,2,14
03:17:31,54,32,27,37
06:11:31,37,23,10,14
08:11:04,18,44,12,12
26:11:11,25,4,2,12
15:10:57,13,25,1,4
31:07:49,25,0,14,18
25:13:33,7,47,2,18
10:14:32,35,11,17,13
19:07:10,56,20,6,28
05:05:07,6,15,13,7
25:03:21,20,45,3,16
04:16:26,56,33,1,14
04:19:01,22,20,2,12
16:04:17,60,2,6,9
19:03:42,20,34,3,18
15:01:13,38,17,9,17
09:08:25,16,2,12,14
19:06:18,12,24,3,11
17:13:14,0,31,1,34
15:19:31,55,18,3,11
22:04:21,36,26,10,13
14:11:30,13,16,22,20
20:08:25,8,0,1,15
18:01:31,4,1,2,17
15:16:26,48,17,10,18
06:20:59,64,13,2,6
30:06:11,21,19,9,4
22:07:49,11,11,5,16
28:05:31,10,3,1,4
02:01:09,46,2,1,14
21:08:28,67,16,1,13
07:06:15,61,23,5,13
29:14:51,27,9,1,18
05:14:28,58,29,1,4
20:17:08,41,43,1,14
20:06:45,14,22,35,4
30:04:11,9,24,1,14
21:12:35,56,41,24,12
22:11:04,29,19,6,11
29:06:11,31,32,20,8
17:04:09,11,32,23,14
04:04:16,4,22,16,16
11:08:02,7,29,1,13
10:10:38,32,21,11,14
01:13:11,2,45,18,18
14:01:45,34,10,41,8
05:12:07,15,34,7,15
27:06:31,69,32,1,13
07:01:55,26,31,3,18
21:01:01,13,23,10,9
24:03:01,23,25,6,16
26:07:41,36,19,1,13
07:11:49,67,40,3,40
09:07:40,37,2,1,24
16:07:21,40,20,1,7
15:08:28,20,1,39,26
09:15:02,45,35,1,17
03:10:21,37,45,3,15
15:05:29,8,30,12,10
17:15:37,31,34,5,13
13:10:57,68,1,3,18
24:15:21,29,16,3,6
09:10:49,32,38,7,4
12:00:41,20,27,23,13
12:05:26,18,36,7,34
16:04:49,50,33,2,10
20:12:22,69,17,1,15
02:13:31,67,22,5,6
28:03:21,50,13,12,16
22:21:41,25,29,15,14
27:05:58,62,46,5,34
23:08:54,16,8,6,15
29:16:01,54,38,8,15
03:14:43,1,42,3,18
12:06:49,41,30,2,5
11:08:25,22,45,1,18
10:10:49,13,14,50,12
15:10:01,44,6,21,7
10:15:37,50,28,3,16
09:15:36,57,22,6,13
22:15:24,64,15,12,4
06:13:01,30,26,14,6
01:09:05,66,39,13,18
22:13:14,60,33,13,12
08:14:57,7,15,1,12
03:13:03,4,43,17,4
20:12:51,26,13,3,13
15:09:53,24,43,2,6
21:13:53,28,34,1,18
16:16:03,27,34,13,15
31:07:29,5,0,22,11
13:10:51,63,20,2,28
27:09:35,68,46,15,15
12:02:11,47,34,3,13
08:13:29,21,43,11,18
26:00:41,53,48,1,17
08:02:13,62,41,3,6
14:06:57,57,44,6,18
07:08:48,49,5,10,37
25:10:45,20,16,11,17
19:19:13,29,40,11,14
29:17:24,61,42,9,12
01:10:21,44,49,5,17
21:10:51,1,28,15,4
18:14:06,13,24,1,4
20:09:20,21,49,13,17
12:08:25,47,2,2,4
06:15:36,64,23,12,4
25:03:10,34,45,5,16
10:01:19,40,26,2,11
27:16:00,10,38,5,13
09:04:50,60,0,3,4
01:12:12,35,49,3,12
21:01:06,38,38,26,18
29:15:11,15,28,22,33
20:18:39,47,26,1,4
05:05:51,65,43,7,10
14:11:26,51,4,3,8
16:06:49,68,9,1,12
18:00:53,36,1,5,18
25:14:36,59,8,23,17
19:19:05,41,41,2,19
05:08:31,7,4,2,23
10:06:09,37,18,19,15
04:05:07,7,46,2,10
29:10:01,10,30,12,11
26:13:11,0,30,2,14
23:19:18,11,37,3,7
12:13:40,48,14,3,15
02:09:21,67,46,23,41
18:15:53,31,46,2,12
18:19:05,67,4,3,14
17:12:09,22,41,3,16
25:15:21,10,35,14,15
28:05:11,7,25,1,26
08:03:05,66,18,10,6
18:16:55,39,30,5,15
27:17:31,34,24,11,5
20:10:25,54,10,7,6
04:09:22,52,8,13,16
20:00:53,61,19,1,13
23:07:36,68,3,14,11
06:17:52,41,36,8,15
17:01:32,16,6,13,18
29:13:21,22,2,2,4
06:14:11,45,25,1,14
01:06:37,35,28,8,13
01:18:26,16,39,1,4
22:03:16,48,41,2,18
03:02:25,21,25,2,10
03:16:10,37,8,2,14
21:08:54,14,11,1,5
09:03:25,50,1,13,17
04:03:21,40,11,11,16
04:02:34,31,10,3,10
10:15:13,0,48,1,13
13:06:18,66,45,6,12
22:11:56,54,3,15,14
06:03:42,55,17,3,17
18:00:51,34,13,9,13
15:01:06,16,11,1,10
20:14:45,16,12,10,12
03:04:13,23,11,3,15
11:00:27,45,36,3,10
05:17:01,69,15,8,16
23:19:05,33,10,2,4
18:19:18,18,1,1,16
16:08:54,26,21,2,12
08:02:34,61,8,16,7
26:05:41,10,16,14,9
20:13:14,58,27,14,18
08:09:13,69,35,11,17
06:14:45,5,21,3,17
10:15:05,56,42,2,4
08:02:09,18,41,11,17
02:13:54,17,1,17,5
19:10:26,14,49,1,17
02:06:32,69,34,13,4
05:06:01,49,3,3,40
10:12:22,44,16,1,16
27:14:01,32,40,9,10
29:11:41,69,41,5,18
15:14:41,29,25,22,6
01:07:11,23,34,51,4
01:07:57,44,32,50,18
02:02:43,44,39,8,18
25:09:21,40,46,1,11
16:08:11,7,21,1,14
13:06:17,47,7,2,18
03:10:07,31,12,2,15
05:09:01,66,46,13,16
11:01:05,41,34,9,14
28:12:31,29,3,3,17
13:11:30,15,1,1,9
26:06:11,63,28,9,38
22:09:56,32,15,3,9
04:07:41,50,22,19,7
01:06:21,10,46,6,18
26:10:51,61,37,3,13
14:05:37,12,19,3,6
12:00:25,66,15,1,12
20:08:54,13,49,2,12
29:16:42,36,10,6,4
01:15:19,64,35,2,13
27:16:49,37,16,3,37
14:13:27,47,3,10,14
02:15:21,10,18,45,15
02:03:41,60,5,3,15
29:13:11,61,35,3,17
09:14:28,42,44,2,15
20:04:21,24,30,2,14
11:05:00,66,21,2,12
06:05:31,52,17,3,10
17:18:17,34,17,12,14
21:13:33,23,15,2,8
08:05:29,33,32,2,6
10:02:11,8,35,39,18
06:15:31,22,44,27,8
02:12:11,28,31,2,14
07:17:18,57,23,9,12
24:00:08,32,32,9,7
04:08:31,44,9,1,17
05:10:51,11,14,12,12
17:01:06,57,32,1,7
02:06:11,0,4,5,6
04:04:33,28,45,52,13
22:03:31,39,28,2,15
18:11:17,7,9,1,15
12:03:16,15,2,2,5
01:12:51,45,15,16,14
17:17:13,33,4,12,26
06:00:35,14,31,1,17
27:04:21,37,49,12,5
18:11:30,25,40,3,16
08:03:25,47,23,3,13
24:09:01,30,5,1,14
13:02:50,66,27,7,24
12:13:01,32,16,1,7
03:10:30,62,18,16,16
17:00:33,5,24,7,9
06:06:01,65,1,11,18
29:14:21,1,0,5,14
18:13:53,46,4,5,37
01:11:21,41,5,1,37
25:06:31,11,29,1,20
27:14:50,42,35,5,34
23:17:21,2,11,16,21
08:13:53,68,23,2,6
13:03:29,29,8,2,8
10:09:59,51,17,1,24
31:10:31,58,47,3,18
03:04:33,38,10,14,14
26:11:21,45,38,1,12
28:04:41,38,34,12,14
09:05:41,3,32,1,14
10:01:06,40,1,2,4
15:16:41,47,19,3,6
27:08:32,60,40,2,12
10:13:27,11,23,3,27
28:12:16,47,24,6,18
05:15:53,3,8,3,9
06:06:15,6,28,33,4
23:06:44,49,43,2,17
01:02:51,46,40,16,13
07:02:57,67,39,1,15
27:08:31,49,37,2,14
27:04:13,57,25,11,13
13:16:29,16,20,5,4
07:07:13,57,19,3,14
08:16:10,58,48,2,15
11:05:53,55,7,1,7
08:07:13,18,30,23,12
22:07:09,59,25,23,27
09:16:44,21,42,23,12
09:11:04,50,32,8,4
10:14:19,47,25,12,4
26:12:16,51,24,9,13
19:01:29,24,46,5,4
06:14:19,13,27,5,14
31:06:05,45,31,7,24
25:10:03,54,49,15,4
27:12:01,17,11,3,15
12:14:58,61,1,9,17
03:17:01,36,16,10,13
24:01:21,50,37,8,10
19:02:11,6,4,18,4
13:16:01,28,25,3,5
06:11:01,63,23,2,6
11:03:37,7,49,5,18
16:10:12,16,9,2,13
24:04:41,36,13,5,17
27:13:21,27,43,2,16
05:04:55,11,12,1,8
26:02:31,0,49,10,36
05:18:41,43,35,12,7
10:09:07,12,34,6,14
19:16:33,39,32,1,5
04:05:41,13,9,2,15
11:15:21,56,9,8,6
10:04:41,55,37,15,13
12:12:01,64,30,1,4
05:11:04,29,45,7,8
02:16:51,15,24,24,6
16:12:22,63,38,20,12
28:04:21,53,26,13,14
10:09:37,38,6,6,7
11:09:20,0,40,1,21
12:09:46,24,34,2,9
09:10:01,45,8,1,13
10:04:17,35,22,7,15
22:07:36,4,45,8,13
17:14:06,52,26,3,16
08:16:09,58,0,2,10
29:14:01,2,37,17,13
03:05:01,69,18,41,13
29:03:41,29,48,1,24
02:11:41,56,36,14,11
24:19:44,68,5,7,4
30:06:05,18,40,1,18
12:00:57,20,2,2,16
08:18:09,28,35,12,18
08:04:09,30,32,2,10
11:07:37,0,15,3,7
15:04:06,51,22,13,30
26:11:41,12,36,9,13
20:16:16,10,14,2,17
04:19:51,32,46,2,7
04:03:59,3,12,3,12
18:14:33,39,49,2,14
03:11:55,12,22,2,4
19:09:21,48,19,2,24
19:07:49,17,43,3,10
06:07:40,16,16,3,28
04:10:07,9,44,2,14
13:14:57,24,33,1,17
19:13:37,54,30,3,17
22:06:54,22,8,3,16
21:11:27,36,43,12,18
12:02:45,50,36,8,12
09:11:55,22,23,25,16
13:00:14,66,20,1,12
24:13:51,36,24,22,5
23:16:16,49,40,5,29
19:04:05,60,41,45,6
02:11:55,62,28,6,14
01:14:28,39,20,1,14
26:02:41,24,14,8,5
02:15:11,27,16,3,15
19:01:13,39,15,6,7
26:10:31,5,12,49,7
06:11:21,62,42,3,17
23:14:01,59,13,2,8
18:00:14,50,27,7,18
01:05:49,53,16,6,40
26:06:31,28,11,14,18
22:06:18,69,33,9,16
24:15:31,17,5,2,24
06:09:05,34,2,7,42
10:15:11,32,6,13,24
13:06:05,9,22,12,6
07:10:37,22,24,1,4
25:08:01,25,43,1,14
10:01:45,54,36,11,4
14:11:21,26,22,14,14
19:15:09,20,25,24,13
08:16:44,42,39,3,4
16:01:19,26,44,2,17
12:08:02,18,0,10,4
15:03:42,1,23,5,10
01:18:43,41,37,19,8
09:02:33,13,22,9,14
20:01:18,23,33,2,4
03:06:49,60,46,18,24
23:11:56,19,27,10,9
18:14:45,48,10,3,14
10:05:26,17,20,6,11
03:12:31,33,44,1,4
20:03:24,34,37,5,7
28:07:31,27,21,1,7
17:00:27,20,17,20,29
25:09:41,16,26,15,15
16:12:06,32,28,14,17
07:18:43,43,17,1,8
04:08:13,10,45,3,8
29:11:34,56,49,10,5
08:07:57,61,26,5,20
28:16:28,25,27,6,26
13:12:09,55,21,9,4
03:05:13,30,13,8,7
19:11:30,20,19,3,20
22:06:44,40,8,3,17
14:08:49,10,9,1,18
12:18:07,15,6,19,5
06:05:07,23,8,1,18
10:13:05,65,42,3,19
22:11:17,12,42,1,13
12:09:07,63,47,9,16
26:01:39,7,36,1,10
12:11:53,34,16,9,16
23:11:55,54,29,15,15
10:12:09,27,49,9,8
06:02:51,49,36,14,18
06:00:18,56,47,26,18
01:08:43,31,20,1,14
29:10:41,28,18,1,16
11:11:53,65,23,11,17
15:08:09,35,0,54,12
23:17:47,47,31,3,6
29:15:11,63,26,2,18
01:08:14,55,35,1,13
12:13:14,53,47,7,6
04:12:11,13,29,1,13
16:13:40,67,2,1,15
26:13:47,58,5,22,6
04:02:41,63,43,9,17
23:02:11,34,25,2,16
23:02:00,46,33,3,9
23:10:25,31,19,6,12
31:13:19,54,17,11,12
02:16:21,10,48,3,15
13:09:33,6,37,3,9
26:11:26,52,25,3,4
