23:19:44,6,6,2,13
23:11:17,53,46,12,6
25:08:51,10,12,2,14
22:12:30,25,1,52,7
01:11:04,2,26,10,17
26:09:31,60,12,2,9
17:01:58,32,30,3,11
03:15:01,56,31,1,16
02:16:01,29,41,6,4
01:14:01,9,2,2,4
09:02:09,11,3,14,19
05:18:01,15,1,2,15
01:17:21,7,28,3,11
04:16:21,58,2,12,10
08:04:49,37,1,3,4
30:08:32,42,30,2,6
09:07:57,19,45,2,15
22:18:41,40,17,19,9
04:01:51,40,47,1,15
28:05:46,0,41,1,11
07:15:53,34,5,3,8
14:17:05,37,41,13,4
28:01:21,43,6,3,17
18:07:21,56,26,2,16
08:02:33,19,38,8,5
03:11:04,16,24,21,8
17:00:14,52,5,13,5
28:02:35,44,39,1,24
04:11:31,55,6,51,9
01:01:43,45,22,14,24
04:07:40,52,25,1,5
26:11:31,4,3,40,4
21:10:38,18,25,16,18
26:10:41,61,33,1,7
11:06:17,50,34,3,15
28:05:11,36,16,10,8
11:05:39,35,5,20,16
14:13:14,17,35,1,11
02:08:31,29,20,7,34
20:14:32,16,29,13,16
03:10:51,30,2,3,12
11:14:41,24,35,2,15
03:15:31,44,37,2,15
25:12:41,28,18,19,4
07:19:00,39,0,1,17
17:02:16,9,3,2,16
20:03:03,37,3,1,15
05:02:34,16,4,10,35
19:05:00,66,35,5,12
15:17:08,35,38,5,17
22:00:29,18,8,1,8
09:04:25,28,11,1,9
16:05:00,43,45,12,17
01:03:41,17,18,1,15
22:10:03,19,49,8,10
03:06:32,19,6,1,14
23:00:27,30,47,12,4
18:16:17,60,24,1,10
05:02:17,26,14,7,16
27:16:56,16,22,1,8
24:00:22,26,25,3,9
01:09:43,9,7,11,18
05:11:41,41,3,23,18
02:11:41,65,36,14,11
10:03:13,30,10,3,4
05:21:21,48,17,10,10
05:13:37,63,27,1,5
16:09:20,21,19,1,5
06:08:19,50,25,3,16
09:06:19,9,8,1,11
08:10:47,33,34,2,6
11:04:31,16,18,1,7
02:05:58,28,20,2,18
28:05:41,69,41,1,18
02:09:22,63,20,6,13
03:14:28,26,46,7,16
18:07:49,8,3,1,12
25:09:51,7,40,12,23
05:05:58,0,47,9,4
31:01:18,30,23,40,14
01:03:31,55,33,3,14
20:18:52,63,22,3,12
21:16:42,38,47,8,15
30:00:22,21,25,3,18
15:08:41,3,30,10,13
15:17:21,32,6,6,18
20:10:12,31,15,2,18
29:07:01,47,18,14,11
01:15:02,0,21,1,11
13:13:45,53,26,2,16
01:03:51,24,29,2,4
14:08:41,0,18,2,15
05:16:21,17,46,5,9
11:00:27,48,23,3,10
03:08:01,32,13,5,18
04:06:51,35,2,7,22
05:05:24,30,18,8,4
18:17:21,16,30,2,16
24:11:11,66,5,3,4
19:18:52,18,21,23,29
