19:07:05,65,31,22,16
19:16:17,27,48,2,4
07:06:49,16,45,9,4
09:03:25,48,14,13,17
29:07:21,13,41,30,11
06:12:29,10,11,3,16
02:01:43,32,4,5,15
13:02:01,17,12,1,13
25:10:31,28,34,12,31
09:13:55,55,35,1,11
15:15:45,8,20,2,6
23:04:08,64,12,48,9
09:08:14,4,21,7,16
19:12:35,65,16,2,14
15:08:54,1,4,5,11
21:15:31,52,24,8,12
18:12:48,24,13,14,15
01:00:18,28,15,2,26
08:04:50,52,42,13,18
27:10:45,51,45,2,37
25:10:01,26,22,2,4
25:06:33,69,31,8,17
22:13:27,39,24,2,16
19:00:49,61,19,3,14
02:13:54,39,1,17,5
17:09:13,59,31,7,39
08:02:57,27,28,1,7
03:12:21,32,3,9,6
21:08:32,57,18,2,14
24:08:46,2,2,8,5
04:08:41,60,22,3,4
01:07:55,23,13,2,7
04:10:13,56,27,5,12
08:05:45,65,49,12,18
11:00:25,44,24,5,16
05:04:21,60,48,6,15
08:14:31,59,19,2,6
30:03:21,33,45,10,41
12:07:45,66,0,3,12
15:04:33,39,38,3,14
29:16:01,66,45,8,15
30:03:24,20,21,24,4
22:18:41,40,17,19,9
07:03:29,61,34,9,17
21:07:10,65,30,2,12
11:04:47,9,39,29,11
18:03:51,23,43,5,7
29:06:41,22,45,14,6
06:05:07,68,21,1,18
27:10:01,53,23,6,4
18:01:31,12,21,2,17
02:02:19,61,28,5,4
13:12:17,14,21,8,15
06:12:29,57,2,2,10
12:14:32,16,42,12,17
07:06:41,30,26,1,16
14:11:29,57,10,1,13
13:13:05,44,14,3,12
23:09:20,24,1,3,10
25:15:01,55,39,11,6
07:20:42,38,43,2,8
23:06:05,12,11,8,12
28:18:41,67,45,51,4
10:12:22,67,27,1,16
07:09:53,29,49,2,17
26:01:51,60,36,1,18
02:05:07,46,29,23,41
06:09:05,12,34,7,42
05:03:42,0,33,11,16
09:15:53,6,28,3,14
03:07:06,67,22,1,4
04:04:16,21,26,16,16
17:02:25,13,45,2,16
05:14:25,15,20,27,15
04:07:40,52,25,1,5
22:01:06,68,15,2,37
15:19:57,34,29,3,13
10:00:09,18,11,3,15
27:16:56,16,22,1,8
23:09:59,69,33,6,14
07:16:44,50,10,47,17
13:03:03,45,21,3,18
26:04:41,24,11,40,14
04:09:51,31,8,3,19
27:13:33,43,41,3,13
06:19:34,10,39,9,12
01:06:55,1,0,1,11
11:14:57,18,4,46,10
13:07:01,21,30,1,12
26:03:38,49,39,11,24
11:14:01,12,18,5,10
13:04:21,4,25,53,12
10:02:01,48,26,20,18
05:19:01,31,35,3,15
09:12:46,27,30,3,12
10:03:07,58,3,2,15
13:01:53,56,17,3,18
21:06:56,16,5,14,8
08:00:35,58,42,2,8
05:04:16,51,11,10,12
05:05:01,53,6,17,16
10:10:41,60,41,1,18
21:16:16,66,14,1,18
02:12:31,12,31,2,12
11:01:55,61,10,18,13
29:00:51,39,45,11,35
09:01:19,36,31,35,9
18:02:09,8,23,3,12
14:08:02,51,42,1,15
21:10:31,38,27,9,15
08:10:33,64,38,12,4
04:07:57,14,24,6,12
10:05:07,31,28,8,14
22:05:39,22,10,2,14
28:07:41,51,44,3,9
18:05:00,32,25,11,12
02:08:51,39,26,1,17
28:02:41,44,41,11,4
17:09:46,59,42,3,13
23:01:01,45,9,21,7
06:06:32,45,7,6,11
27:04:01,24,42,2,17
31:01:18,30,23,40,14
29:19:16,26,26,9,18
27:03:45,58,41,2,8
20:02:50,49,34,3,16
07:16:19,46,36,17,12
15:14:17,60,47,2,15
20:10:25,17,47,7,6
15:14:32,40,25,1,4
29:16:31,38,1,1,4
15:16:11,42,29,8,13
03:10:30,5,4,16,16
11:11:13,54,39,7,14
08:16:57,25,5,1,9
04:02:13,15,30,2,17
06:15:41,47,37,10,13
24:06:51,36,12,2,4
02:08:55,66,38,40,12
05:14:28,44,19,1,4
13:03:55,23,49,3,4
11:03:29,64,9,3,4
19:12:48,10,30,8,12
21:09:33,1,6,2,6
08:05:41,1,30,3,12
16:10:25,35,6,7,12
05:01:07,7,43,2,7
29:07:11,3,35,5,11
08:09:39,49,47,11,4
27:05:51,8,9,2,5
18:08:15,33,23,3,15
03:16:41,63,31,3,4
07:21:50,36,38,3,16
25:16:41,51,47,1,18
01:18:09,47,41,1,8
02:18:41,7,16,2,4
27:14:11,4,40,3,4
25:06:41,16,12,3,12
07:02:57,16,3,1,15
06:17:18,59,45,2,4
07:00:45,7,0,11,11
27:12:30,53,24,3,13
06:08:11,65,43,1,33
06:09:22,28,4,1,17
11:02:41,66,43,9,4
28:05:01,60,8,1,14
28:13:41,36,35,5,12
02:03:31,23,16,15,18
19:04:17,10,9,1,4
08:03:21,55,1,2,11
27:15:51,44,28,48,12
14:07:37,44,44,3,14
13:07:23,3,32,15,14
12:14:01,32,23,2,5
09:05:58,21,28,3,20
11:09:59,20,49,9,12
15:17:34,29,21,9,4
25:16:51,63,48,1,4
10:12:33,35,16,3,12
17:14:25,57,11,1,18
14:02:41,25,2,1,12
05:15:53,30,24,3,9
06:13:20,66,48,6,13
29:12:21,60,21,51,9
02:11:25,44,34,9,10
17:21:53,54,38,3,14
25:11:11,65,40,9,11
07:09:22,59,25,1,5
26:15:53,14,28,2,15
17:15:45,16,1,11,7
16:09:45,23,9,8,15
16:19:29,65,37,13,9
24:19:23,41,33,1,6
21:19:44,53,14,13,4
10:15:53,40,33,8,15
13:13:01,45,18,3,18
21:15:04,34,12,7,12
10:10:25,24,17,1,4
07:01:43,32,49,9,16
01:00:35,46,17,2,18
18:16:17,60,24,1,10
07:17:01,49,9,2,14
20:03:24,45,49,5,7
10:09:05,45,10,2,16
13:05:26,49,15,12,31
04:19:11,18,49,9,13
05:05:58,0,47,9,4
17:13:53,31,38,10,4
26:08:31,54,5,2,14
28:03:51,42,37,1,40
02:11:06,19,32,3,4
22:06:18,1,37,9,16
03:14:41,27,1,17,6
24:04:21,46,28,10,16
07:01:53,10,20,2,15
22:04:06,52,32,7,13
09:13:21,40,21,1,16
29:07:57,29,22,48,15
20:12:22,40,0,1,15
18:13:40,62,26,2,33
19:06:18,33,6,3,11
03:12:41,17,40,2,4
04:09:31,62,19,1,16
17:02:11,23,42,9,9
13:16:03,55,23,3,17
09:03:08,38,6,50,26
01:13:01,9,44,17,15
10:08:17,10,13,3,4
12:09:29,65,19,18,15
13:10:12,37,45,3,9
10:09:45,3,47,5,16
20:13:06,35,9,2,13
19:06:31,57,5,1,17
08:13:01,14,43,3,11
06:04:16,60,13,2,15
06:01:51,57,39,12,18
29:13:11,23,24,3,17
12:02:37,32,26,3,4
23:13:53,46,16,2,17
12:06:18,46,9,15,24
05:16:21,17,46,5,9
08:05:29,46,39,3,5
04:15:37,8,22,18,17
03:11:04,16,24,21,8
12:14:45,2,48,3,17
23:10:38,37,7,2,17
28:10:52,21,49,5,5
19:13:01,55,28,1,12
17:02:50,69,30,5,15
03:15:41,34,18,1,14
20:00:50,49,38,3,16
16:01:58,58,5,1,11
05:22:21,14,25,1,25
18:19:21,7,8,31,5
12:16:09,57,20,1,8
01:03:41,17,18,1,15
07:04:07,20,24,1,31
19:00:40,60,11,2,6
11:08:33,54,29,30,16
13:09:13,20,41,2,12
09:09:21,36,26,1,15
19:00:33,42,38,9,20
06:11:01,33,46,2,6
21:00:57,23,18,2,17
10:14:32,1,47,17,13
13:00:33,3,8,2,11
09:02:34,53,34,3,7
26:11:51,62,7,27,12
10:11:43,55,36,2,14
20:07:01,59,2,17,20
06:13:37,25,47,16,17
05:02:34,16,4,10,35
14:05:13,10,27,2,13
29:02:35,61,24,2,16
28:04:41,29,1,17,14
04:02:34,42,46,3,10
04:05:49,47,35,3,17
16:11:56,56,6,7,6
24:05:11,35,36,1,18
19:08:33,52,21,2,4
22:13:54,69,9,7,5
06:04:01,35,48,8,14
05:08:55,48,22,19,17
31:13:54,24,31,9,14
13:12:25,7,10,10,18
03:05:24,55,40,1,13
27:07:21,64,27,20,18
24:08:41,12,15,11,5
27:00:21,6,30,14,4
26:03:45,58,16,7,5
30:18:11,65,42,6,13
15:04:17,9,43,20,4
01:18:26,9,28,1,4
22:16:41,54,33,26,7
15:12:09,11,26,1,16
06:14:28,24,38,2,4
30:11:01,18,27,22,10
27:05:51,48,7,3,17
03:15:36,61,22,11,4
13:14:09,36,9,2,5
27:12:31,29,46,2,10
02:18:21,49,2,1,4
11:06:31,40,45,5,18
27:15:21,44,8,2,6
24:14:41,48,30,3,12
08:03:42,29,19,11,10
04:10:21,38,20,1,11
25:08:41,13,11,3,14
14:17:13,39,13,2,4
18:17:08,31,2,2,9
20:02:56,63,15,13,13
29:09:01,43,40,5,8
16:15:11,48,4,3,12
16:05:52,22,31,23,37
05:15:02,26,44,6,13
27:05:02,45,4,20,12
09:16:44,57,40,23,12
29:08:41,2,15,3,12
07:11:38,23,15,3,10
14:04:01,36,25,3,8
26:01:31,65,1,2,4
29:11:31,30,22,12,18
24:18:55,2,43,20,9
21:15:50,30,14,8,14
25:06:11,3,28,13,4
30:06:31,61,7,31,6
30:17:41,45,30,2,14
26:07:08,58,8,31,15
22:02:11,67,18,3,35
12:01:05,26,0,33,5
03:12:12,66,22,2,6
13:03:16,10,14,5,7
16:00:27,34,48,3,34
05:02:51,68,11,1,10
14:14:25,64,32,3,12
17:08:54,8,11,12,4
20:18:52,63,22,3,12
08:11:38,47,33,3,13
21:11:48,20,1,43,6
11:08:17,66,41,2,13
14:04:08,42,15,2,11
22:07:29,39,39,23,16
22:09:07,10,15,12,4
07:11:13,44,25,45,5
25:14:01,66,9,9,14
04:13:51,50,21,6,18
07:08:31,42,12,11,15
01:10:43,62,17,3,17
01:14:45,42,0,2,16
24:00:51,11,49,3,8
10:01:05,0,15,2,11
09:11:45,31,11,8,5
16:10:25,69,3,3,10
07:02:00,1,42,13,24
08:07:40,53,39,3,12
19:18:13,21,11,12,5
21:03:17,20,44,13,9
08:12:57,36,4,26,19
06:15:51,20,7,3,17
02:02:49,28,6,11,18
22:04:47,66,36,9,12
13:10:41,34,42,36,28
03:01:09,27,36,3,17
24:02:11,14,30,2,16
17:11:21,29,27,1,12
11:05:37,36,27,9,8
09:13:54,65,46,10,20
18:20:36,42,21,2,17
18:15:11,69,22,2,22
16:12:26,28,17,3,17
16:08:41,22,22,14,14
18:05:26,31,24,2,18
15:05:13,41,17,14,18
23:16:55,26,45,6,11
20:00:15,19,17,10,12
03:02:00,60,43,2,15
13:14:06,34,20,2,13
20:09:21,16,17,1,16
13:07:49,7,37,2,13
27:06:19,43,36,6,13
24:10:06,57,3,14,8
02:04:16,48,43,12,28
24:11:11,66,5,3,4
29:10:01,26,4,12,11
20:06:11,14,29,13,4
09:01:13,66,13,53,15
25:01:01,39,37,2,4
12:14:19,66,44,28,11
05:14:41,8,35,7,25
18:01:53,48,37,7,9
18:00:53,68,12,5,18
24:03:51,54,21,3,7
04:03:42,35,8,2,6
07:06:32,3,6,3,7
21:06:05,58,24,2,4
12:15:37,24,26,18,16
20:04:34,60,4,23,11
14:04:17,6,18,3,15
09:08:33,53,13,3,16
12:04:49,42,34,9,37
07:03:13,2,12,10,4
13:02:11,12,20,1,14
30:08:11,42,17,3,16
14:08:41,0,18,2,15
13:09:21,0,36,13,12
18:17:05,59,36,14,13
02:10:13,57,15,2,8
21:00:26,16,2,2,13
18:03:13,54,24,6,16
25:03:31,43,47,24,5
19:02:01,8,39,3,16
29:04:51,33,47,1,13
08:11:05,60,9,1,4
05:14:11,21,48,22,16
15:17:08,35,38,5,17
22:08:39,15,26,1,7
02:04:50,56,7,1,9
03:17:41,19,27,13,8
06:05:41,15,9,8,16
31:05:44,69,21,3,35
15:19:44,66,37,22,4
03:15:51,53,33,12,11
13:15:24,11,11,2,11
02:17:21,45,47,3,4
30:02:21,16,9,2,8
20:14:45,50,2,10,12
23:05:26,55,46,42,15
11:01:07,17,30,2,17
16:15:37,26,18,7,18
17:07:36,30,39,1,12
06:18:01,66,30,3,14
18:20:10,13,35,8,8
08:14:45,66,6,3,24
03:18:51,24,48,8,18
11:11:17,63,11,14,7
13:13:27,30,7,2,11
06:14:21,26,17,12,5
23:08:54,54,34,6,15
23:06:57,46,47,6,16
05:11:55,12,4,1,15
08:10:13,63,32,16,9
28:14:51,15,37,7,12
26:08:11,47,21,3,12
15:00:41,61,1,7,10
24:04:20,51,28,5,18
24:19:21,23,27,20,18
17:02:41,31,46,13,13
15:05:13,8,37,1,10
15:03:36,9,5,2,8
31:18:06,13,15,1,7
14:03:55,64,20,2,12
18:06:41,0,6,3,12
05:02:00,7,31,9,16
11:15:17,32,20,3,4
25:14:21,48,39,21,16
06:00:51,37,40,8,12
24:01:01,32,28,39,15
10:13:05,16,39,3,19
13:09:33,32,38,3,9
04:03:25,0,2,11,13
06:11:21,31,19,1,18
07:08:09,10,5,3,14
02:04:31,19,24,12,10
26:02:41,69,49,8,5
07:08:48,20,23,10,37
23:07:49,9,21,20,12
27:02:21,33,10,1,13
05:20:21,28,47,11,12
15:13:27,60,42,2,8
09:16:01,38,3,14,9
18:09:59,8,27,7,5
05:08:48,46,14,13,31
05:05:24,30,18,8,4
07:13:37,2,4,9,16
03:10:47,19,15,2,25
14:10:09,19,3,1,13
11:02:25,29,36,20,14
23:16:21,65,5,1,15
11:03:03,56,42,2,15
28:10:11,68,40,11,16
27:05:31,30,0,9,24
22:07:10,42,23,2,12
19:07:10,7,1,6,28
02:03:08,14,42,3,14
23:02:50,22,42,1,17
12:03:55,56,36,1,8
15:12:57,48,35,2,12
22:02:50,26,32,9,17
06:02:34,9,24,5,4
16:00:40,18,31,1,13
04:11:31,55,6,51,9
10:04:33,11,41,1,14
28:13:21,67,49,3,12
14:16:25,32,27,14,7
14:15:11,30,37,8,27
04:19:51,47,13,2,7
20:01:46,61,0,11,4
02:11:01,2,6,13,18
03:04:50,45,27,12,14
05:08:41,66,46,3,5
