65,31,22
27,48,2
16,45,9
48,14,13
13,41,30
10,11,3
32,4,5
17,12,1
28,34,12
55,35,1
8,20,2
64,12,48
4,21,7
65,16,2
1,4,5
52,24,8
24,13,14
28,15,2
52,42,13
51,45,2
26,22,2
69,31,8
39,24,2
61,19,3
39,1,17
59,31,7
27,28,1
32,3,9
57,18,2
2,2,8
60,22,3
23,13,2
56,27,5
65,49,12
44,24,5
60,48,6
59,19,2
33,45,10
66,0,3
39,38,3
66,45,8
20,21,24
40,17,19
61,34,9
65,30,2
9,39,29
23,43,5
22,45,14
68,21,1
53,23,6
12,21,2
61,28,5
14,21,8
57,2,2
16,42,12
30,26,1
57,10,1
44,14,3
24,1,3
55,39,11
38,43,2
12,11,8
67,45,51
67,27,1
29,49,2
60,36,1
46,29,23
12,34,7
0,33,11
6,28,3
67,22,1
21,26,16
13,45,2
15,20,27
52,25,1
68,15,2
34,29,3
18,11,3
16,22,1
69,33,6
50,10,47
45,21,3
24,11,40
31,8,3
43,41,3
10,39,9
1,0,1
18,4,46
21,30,1
49,39,11
12,18,5
4,25,53
48,26,20
31,35,3
27,30,3
58,3,2
56,17,3
16,5,14
58,42,2
51,11,10
53,6,17
60,41,1
66,14,1
12,31,2
61,10,18
39,45,11
36,31,35
8,23,3
51,42,1
38,27,9
64,38,12
14,24,6
31,28,8
22,10,2
51,44,3
32,25,11
39,26,1
44,41,11
59,42,3
45,9,21
45,7,6
24,42,2
30,23,40
26,26,9
58,41,2
49,34,3
46,36,17
60,47,2
17,47,7
40,25,1
38,1,1
42,29,8
5,4,16
54,39,7
25,5,1
15,30,2
47,37,10
36,12,2
66,38,40
44,19,1
23,49,3
64,9,3
10,30,8
1,6,2
1,30,3
35,6,7
7,43,2
3,35,5
49,47,11
8,9,2
33,23,3
63,31,3
36,38,3
51,47,1
47,41,1
7,16,2
4,40,3
16,12,3
16,3,1
59,45,2
7,0,11
53,24,3
65,43,1
28,4,1
66,43,9
60,8,1
36,35,5
23,16,15
10,9,1
55,1,2
44,28,48
44,44,3
3,32,15
32,23,2
21,28,3
20,49,9
29,21,9
63,48,1
35,16,3
57,11,1
25,2,1
30,24,3
66,48,6
60,21,51
44,34,9
54,38,3
65,40,9
59,25,1
14,28,2
16,1,11
23,9,8
65,37,13
41,33,1
53,14,13
40,33,8
45,18,3
34,12,7
24,17,1
32,49,9
46,17,2
60,24,1
49,9,2
45,49,5
45,10,2
49,15,12
18,49,9
0,47,9
31,38,10
54,5,2
42,37,1
19,32,3
1,37,9
27,1,17
46,28,10
10,20,2
52,32,7
40,21,1
29,22,48
40,0,1
62,26,2
33,6,3
17,40,2
62,19,1
23,42,9
55,23,3
38,6,50
9,44,17
10,13,3
65,19,18
37,45,3
3,47,5
35,9,2
57,5,1
14,43,3
60,13,2
57,39,12
23,24,3
32,26,3
46,16,2
46,9,15
17,46,5
46,39,3
8,22,18
16,24,21
2,48,3
37,7,2
21,49,5
55,28,1
69,30,5
34,18,1
49,38,3
58,5,1
14,25,1
7,8,31
57,20,1
17,18,1
20,24,1
60,11,2
54,29,30
20,41,2
36,26,1
42,38,9
33,46,2
23,18,2
1,47,17
3,8,2
53,34,3
62,7,27
55,36,2
59,2,17
25,47,16
16,4,10
10,27,2
61,24,2
29,1,17
42,46,3
47,35,3
56,6,7
35,36,1
52,21,2
69,9,7
35,48,8
48,22,19
24,31,9
7,10,10
55,40,1
64,27,20
12,15,11
6,30,14
58,16,7
65,42,6
9,43,20
9,28,1
54,33,26
11,26,1
24,38,2
18,27,22
48,7,3
61,22,11
36,9,2
29,46,2
49,2,1
40,45,5
44,8,2
48,30,3
29,19,11
38,20,1
13,11,3
39,13,2
31,2,2
63,15,13
43,40,5
48,4,3
22,31,23
26,44,6
45,4,20
57,40,23
2,15,3
23,15,3
36,25,3
65,1,2
30,22,12
2,43,20
30,14,8
3,28,13
61,7,31
45,30,2
58,8,31
67,18,3
26,0,33
66,22,2
10,14,5
34,48,3
68,11,1
64,32,3
8,11,12
63,22,3
47,33,3
20,1,43
66,41,2
42,15,2
39,39,23
10,15,12
44,25,45
66,9,9
50,21,6
42,12,11
62,17,3
42,0,2
11,49,3
0,15,2
31,11,8
69,3,3
1,42,13
53,39,3
21,11,12
20,44,13
36,4,26
20,7,3
28,6,11
66,36,9
34,42,36
27,36,3
14,30,2
29,27,1
36,27,9
65,46,10
42,21,2
69,22,2
28,17,3
22,22,14
31,24,2
41,17,14
26,45,6
19,17,10
60,43,2
34,20,2
16,17,1
7,37,2
43,36,6
57,3,14
48,43,12
66,5,3
26,4,12
14,29,13
66,13,53
39,37,2
66,44,28
8,35,7
48,37,7
68,12,5
54,21,3
35,8,2
3,6,3
58,24,2
24,26,18
60,4,23
6,18,3
53,13,3
42,34,9
2,12,10
12,20,1
42,17,3
0,18,2
0,36,13
59,36,14
57,15,2
16,2,2
54,24,6
43,47,24
8,39,3
33,47,1
60,9,1
21,48,22
35,38,5
15,26,1
56,7,1
19,27,13
15,9,8
69,21,3
66,37,22
53,33,12
11,11,2
45,47,3
16,9,2
50,2,10
55,46,42
17,30,2
26,18,7
30,39,1
66,30,3
13,35,8
66,6,3
24,48,8
63,11,14
30,7,2
26,17,12
54,34,6
46,47,6
12,4,1
63,32,16
15,37,7
47,21,3
61,1,7
51,28,5
23,27,20
31,46,13
8,37,1
9,5,2
13,15,1
64,20,2
0,6,3
7,31,9
32,20,3
48,39,21
37,40,8
32,28,39
16,39,3
32,38,3
0,2,11
31,19,1
10,5,3
19,24,12
69,49,8
20,23,10
9,21,20
33,10,1
28,47,11
60,42,2
38,3,14
8,27,7
46,14,13
30,18,8
2,4,9
19,15,2
19,3,1
29,36,20
65,5,1
56,42,2
68,40,11
30,0,9
42,23,2
7,1,6
14,42,3
22,42,1
56,36,1
48,35,2
26,32,9
9,24,5
18,31,1
55,6,51
11,41,1
67,49,3
32,27,14
30,37,8
47,13,2
61,0,11
2,6,13
45,27,12
66,46,3
