19:12:48,10,30,8,12
16:10:38,69,12,13,15
20:09:59,35,18,2,13
15:14:32,40,25,1,4
13:07:49,7,37,2,13
28:14:11,15,2,1,16
12:02:50,47,22,11,14
29:08:11,55,11,8,16
04:01:09,26,27,9,5
22:02:11,67,18,3,35
19:08:17,57,4,7,4
03:11:21,59,49,2,13
18:09:33,6,21,1,11
16:07:10,22,34,11,14
24:05:21,14,15,24,13
22:12:23,67,29,23,37
14:08:49,18,30,1,18
09:09:56,62,16,2,13
24:00:11,38,15,24,17
18:05:52,66,24,1,31
14:03:16,55,24,3,24
29:08:41,2,15,3,12
02:00:07,14,19,3,18
14:13:01,47,29,10,11
18:10:25,63,26,3,12
05:14:11,56,49,2,15
14:03:53,48,15,5,6
05:01:07,7,43,2,7
04:01:43,68,9,3,12
11:07:36,17,41,2,18
10:01:29,57,44,23,14
13:09:46,67,40,41,25
17:14:16,9,47,2,4
19:11:17,46,46,5,7
20:06:11,14,29,13,4
20:10:51,22,13,6,11
22:00:29,18,8,1,8
16:12:48,63,14,2,10
09:00:35,6,46,14,22
06:15:19,69,11,1,12
29:03:21,10,18,1,24
21:13:27,42,13,2,13
18:11:04,45,13,23,9
01:15:01,23,30,12,11
07:06:41,30,26,1,16
03:10:01,39,47,2,15
10:10:41,60,41,1,18
05:08:31,19,5,2,23
28:17:11,40,18,2,4
12:00:25,55,38,1,12
