01:00:11,40,20,1,12
01:00:21,35,10,1,17
01:00:31,35,25,6,4
01:00:41,40,5,2,15
01:00:51,35,20,3,18
01:01:01,30,10,2,12
01:01:11,25,30,3,8
01:01:21,40,30,7,18
01:01:31,5,10,3,8
01:01:41,50,45,2,13
01:01:51,20,35,48,17
01:02:01,15,30,8,6
01:02:11,15,20,7,16
01:02:21,5,25,1,4
01:02:31,60,5,1,4
01:02:41,0,30,13,4
01:02:51,25,45,3,12
01:03:01,15,45,2,14
01:03:11,0,0,7,24
01:03:21,55,45,9,17
01:03:31,30,40,3,14
01:03:41,25,30,1,15
01:03:51,5,25,17,12
01:04:01,20,45,12,4
01:04:11,35,0,1,5
01:04:21,20,0,20,6
01:04:31,5,30,2,18
01:04:41,55,45,13,5
01:04:51,10,45,9,15
01:05:01,60,35,1,18
01:05:11,10,45,13,24
01:05:21,35,30,11,11
01:05:31,65,10,1,16
01:05:41,20,5,8,19
01:05:51,50,0,14,15
01:06:01,50,0,9,7
01:06:11,35,0,10,13
01:06:21,30,40,6,18
01:06:31,10,5,3,13
01:06:41,10,25,1,31
01:06:51,5,20,13,8
01:07:01,35,0,2,8
01:07:11,40,30,51,4
01:07:21,60,45,3,16
01:07:31,45,30,2,12
01:07:41,40,35,18,15
01:07:51,25,30,14,12
01:08:01,10,30,1,5
01:08:11,60,5,10,12
01:08:21,40,30,5,4
01:08:31,10,25,22,14
01:08:41,30,40,3,5
01:08:51,25,0,3,16
01:09:01,65,15,3,15
01:09:11,10,15,2,18
01:09:21,40,35,8,15
01:09:31,65,30,1,9
01:09:41,15,5,3,17
01:09:51,45,30,2,15
01:10:01,35,45,12,8
01:10:11,50,45,12,13
01:10:21,45,5,5,17
01:10:31,50,20,22,13
01:10:41,20,25,1,12
01:10:51,50,15,14,14
01:11:01,60,45,3,15
01:11:11,20,35,3,33
01:11:21,0,0,3,6
01:11:31,0,0,3,18
01:11:41,15,0,21,10
01:11:51,55,0,1,15
01:12:01,60,0,11,24
01:12:11,5,15,2,13
01:12:21,0,20,2,12
01:12:31,65,15,23,6
01:12:41,30,20,10,11
01:12:51,30,5,16,14
01:13:01,25,20,17,15
01:13:11,65,10,18,18
01:13:21,10,40,2,12
01:13:31,60,20,2,15
01:13:41,5,30,18,5
01:13:51,65,20,1,5
01:14:01,0,15,11,4
01:14:11,5,15,1,13
01:14:21,65,10,3,13
01:14:31,35,15,2,11
01:14:41,20,30,3,4
01:14:51,65,10,20,14
01:15:01,0,10,12,11
01:15:11,25,25,1,16
01:15:21,65,20,12,9
01:15:31,65,10,2,10
01:15:41,25,30,13,27
01:15:51,45,25,2,11
01:16:01,10,40,14,13
01:16:11,65,30,20,8
01:16:21,55,15,9,15
01:16:31,25,40,2,14
01:16:41,15,35,3,34
01:16:51,25,10,19,12
01:17:01,65,10,38,15
01:17:11,10,30,7,17
01:17:21,5,20,3,11
01:17:31,15,5,1,10
01:17:41,50,5,14,8
01:17:51,25,20,20,8
01:18:01,55,35,9,13
02:00:11,50,35,2,11
02:00:21,0,40,10,4
02:00:31,35,5,8,13
02:00:41,60,0,6,4
02:00:51,15,30,3,24
02:01:01,0,5,10,18
02:01:11,55,20,10,12
02:01:21,60,40,35,4
02:01:31,20,35,2,17
02:01:41,60,40,14,17
02:01:51,20,35,2,32
02:02:01,25,0,33,11
02:02:11,35,0,3,4
02:02:21,50,25,8,4
02:02:31,10,35,13,4
02:02:41,60,35,3,17
02:02:51,40,20,8,13
02:03:01,25,15,23,40
02:03:11,30,40,3,18
02:03:21,25,35,2,4
02:03:31,35,45,15,18
02:03:41,35,20,3,15
02:03:51,50,5,3,5
02:04:01,55,0,7,10
02:04:11,45,30,3,7
02:04:21,25,30,1,16
02:04:31,50,45,12,10
02:04:41,10,35,1,16
02:04:51,35,15,2,18
02:05:01,55,35,6,6
02:05:11,55,25,12,12
02:05:21,60,0,1,15
02:05:31,30,25,1,11
02:05:41,40,5,16,16
02:05:51,25,10,6,17
02:06:01,65,30,3,13
02:06:11,45,35,5,6
02:06:21,50,20,1,18
02:06:31,25,35,24,10
02:06:41,5,25,6,12
02:06:51,65,30,47,15
02:07:01,0,40,10,13
02:07:11,40,15,9,12
02:07:21,10,5,1,17
02:07:31,35,45,24,13
02:07:41,65,15,3,10
02:07:51,30,45,5,34
02:08:01,65,10,2,13
02:08:11,25,35,2,14
02:08:21,40,0,3,11
02:08:31,10,30,7,34
02:08:41,65,45,6,9
02:08:51,0,25,1,17
02:09:01,60,15,14,6
02:09:11,55,40,1,13
02:09:21,10,5,23,41
02:09:31,25,5,1,24
02:09:41,5,40,11,16
02:09:51,10,5,6,9
02:10:01,40,15,6,38
02:10:11,60,0,3,17
02:10:21,10,40,8,4
02:10:31,55,40,10,5
02:10:41,50,45,2,10
02:10:51,35,20,19,11
02:11:01,40,45,13,18
02:11:11,40,10,6,4
02:11:21,20,35,3,13
02:11:31,45,0,2,18
02:11:41,40,40,14,11
02:11:51,20,30,6,14
02:12:01,45,5,1,12
02:12:11,5,0,2,14
02:12:21,45,20,8,14
02:12:31,55,45,2,12
02:12:41,0,10,24,14
02:12:51,40,10,1,41
02:13:01,50,45,8,15
02:13:11,0,25,3,5
02:13:21,30,40,2,16
02:13:31,20,45,11,14
02:13:41,5,5,24,12
02:13:51,50,5,10,38
02:14:01,35,5,6,16
02:14:11,55,45,2,14
02:14:21,50,0,1,15
02:14:31,20,5,6,4
02:14:41,10,30,11,17
02:14:51,60,5,20,14
02:15:01,40,10,2,12
02:15:11,40,10,3,15
02:15:21,40,25,45,15
02:15:31,25,25,1,18
02:15:41,35,15,2,18
02:15:51,45,10,1,10
02:16:01,25,15,6,4
02:16:11,20,35,7,18
02:16:21,50,25,3,15
02:16:31,15,0,2,17
02:16:41,60,30,8,12
02:16:51,45,40,24,6
02:17:01,65,35,34,18
02:17:11,50,25,14,17
02:17:21,25,30,3,4
02:17:31,10,25,1,5
02:17:41,20,30,1,8
02:17:51,55,25,1,18
02:18:01,65,45,3,7
02:18:11,5,40,11,6
02:18:21,10,30,1,4
02:18:31,0,25,6,7
02:18:41,0,0,2,4
02:18:51,30,20,16,11
03:00:11,20,5,3,12
03:00:21,60,20,9,16
03:00:31,25,20,2,4
03:00:41,15,35,44,12
03:00:51,10,35,10,13
03:01:01,40,0,3,23
03:01:11,45,30,21,24
03:01:21,15,15,3,18
03:01:31,30,0,10,4
03:01:41,25,20,2,8
03:01:51,30,35,3,18
03:02:01,50,40,18,13
03:02:11,25,5,12,14
03:02:21,25,30,29,17
03:02:31,30,10,3,13
03:02:41,0,25,1,17
03:02:51,30,30,5,7
03:03:01,25,25,3,8
03:03:11,50,45,3,13
03:03:21,50,5,3,12
03:03:31,5,45,9,11
03:03:41,20,45,5,16
03:03:51,15,10,8,13
03:04:01,15,40,14,16
03:04:11,0,25,49,18
03:04:21,50,35,11,13
03:04:31,30,5,16,16
03:04:41,65,10,2,10
03:04:51,0,35,12,11
03:05:01,30,20,3,8
03:05:11,35,5,11,16
03:05:21,60,45,17,14
03:05:31,15,20,1,31
03:05:41,5,20,2,14
03:05:51,25,15,7,14
03:06:01,25,40,7,14
03:06:11,60,0,12,12
03:06:21,60,30,7,4
03:06:31,35,10,12,24
03:06:41,35,35,3,15
03:06:51,50,5,11,17
03:07:01,60,15,2,31
03:07:11,55,15,3,14
03:07:21,30,15,6,17
03:07:31,25,40,3,12
03:07:41,25,15,3,18
03:07:51,35,0,3,12
03:08:01,60,0,5,18
03:08:11,55,20,2,14
03:08:21,40,30,36,6
03:08:31,50,40,1,17
03:08:41,50,40,36,24
03:08:51,40,30,18,11
03:09:01,40,0,16,18
03:09:11,35,25,2,24
03:09:21,65,25,1,15
03:09:31,5,10,3,4
03:09:41,60,0,12,12
03:09:51,10,20,14,14
03:10:01,20,40,2,15
03:10:11,35,35,20,18
03:10:21,50,5,3,15
03:10:31,25,40,21,14
03:10:41,35,35,2,10
03:10:51,55,10,3,12
03:11:01,10,35,1,10
03:11:11,60,20,1,4
03:11:21,35,0,12,12
03:11:31,40,15,2,15
03:11:41,20,30,2,14
03:11:51,50,15,1,28
03:12:01,45,20,14,6
03:12:11,45,10,8,12
03:12:21,55,30,9,6
03:12:31,0,5,1,4
03:12:41,50,15,2,4
03:12:51,25,20,14,7
03:13:01,35,45,1,19
03:13:11,35,15,2,12
03:13:21,5,15,3,29
03:13:31,45,30,14,6
03:13:41,25,0,1,4
03:13:51,60,45,10,24
03:14:01,20,20,2,42
03:14:11,35,10,20,24
03:14:21,5,15,8,17
03:14:31,35,45,1,4
03:14:41,65,25,17,6
03:14:51,25,35,13,15
03:15:01,60,40,1,16
03:15:11,25,20,5,9
03:15:21,10,45,6,18
03:15:31,50,40,2,15
03:15:41,55,5,1,14
03:15:51,15,0,12,11
03:16:01,45,20,8,13
03:16:11,55,5,3,13
03:16:21,55,35,6,4
03:16:31,55,20,6,6
03:16:41,25,20,3,4
03:16:51,25,15,14,17
03:17:01,40,10,9,23
03:17:11,10,10,3,13
03:17:21,10,10,14,14
03:17:31,5,35,27,37
03:17:41,25,35,13,8
03:17:51,5,35,2,4
03:18:01,65,40,5,13
03:18:11,20,45,9,16
03:18:21,0,10,15,7
04:00:11,10,20,12,14
04:00:21,65,45,3,7
04:00:31,0,30,2,13
04:00:41,35,0,22,4
04:00:51,35,45,3,32
04:01:01,45,10,11,15
04:01:11,65,0,2,18
04:01:21,40,40,1,16
04:01:31,60,40,7,16
04:01:41,20,10,11,17
04:01:51,30,0,1,15
04:02:01,30,30,3,12
04:02:11,25,30,11,12
04:02:21,65,30,2,14
04:02:31,30,10,3,11
04:02:41,30,35,9,17
04:02:51,30,35,7,12
04:03:01,20,40,8,11
04:03:11,65,30,2,6
04:03:21,15,25,11,16
04:03:31,5,25,3,5
04:03:41,55,15,3,13
04:03:51,55,40,10,15
04:04:01,20,10,1,12
04:04:11,35,0,2,9
04:04:21,25,45,13,40
04:04:31,50,25,24,4
04:04:41,40,35,5,7
04:04:51,35,25,20,14
04:05:01,15,35,2,18
04:05:11,60,20,3,18
04:05:21,35,30,13,31
04:05:31,50,45,2,19
04:05:41,55,45,9,13
04:05:51,20,40,2,31
04:06:01,30,0,1,29
04:06:11,20,15,11,21
04:06:21,60,25,1,10
04:06:31,65,30,3,7
04:06:41,0,25,34,13
04:06:51,35,20,7,22
04:07:01,65,15,2,42
04:07:11,15,40,14,19
04:07:21,50,35,3,6
04:07:31,25,40,3,4
04:07:41,30,45,19,7
04:07:51,35,45,32,17
04:08:01,30,45,14,15
04:08:11,10,10,1,7
04:08:21,0,5,3,15
04:08:31,45,45,2,12
04:08:41,50,0,3,4
04:08:51,30,30,2,31
04:09:01,45,35,1,10
04:09:11,65,0,21,5
04:09:21,30,35,14,15
04:09:31,0,15,1,16
04:09:41,30,25,5,5
04:09:51,60,25,3,19
04:10:01,45,45,7,25
04:10:11,50,5,19,14
04:10:21,55,30,1,11
04:10:31,5,25,9,18
04:10:41,5,0,9,4
04:10:51,65,20,1,17
04:11:01,45,0,46,4
04:11:11,35,25,6,30
04:11:21,50,10,14,10
04:11:31,40,35,51,9
04:11:41,10,15,8,4
04:11:51,65,25,2,31
04:12:01,20,25,3,10
04:12:11,40,30,1,13
04:12:21,0,45,3,4
04:12:31,60,10,3,11
04:12:41,20,0,7,6
04:12:51,40,15,7,17
04:13:01,25,15,2,16
04:13:11,45,20,3,42
04:13:21,15,0,1,18
04:13:31,0,25,16,14
04:13:41,15,25,1,12
04:13:51,40,0,6,18
04:14:01,20,40,5,13
04:14:11,5,15,3,13
04:14:21,55,35,3,5
04:14:31,20,40,1,25
04:14:41,40,20,2,7
04:14:51,15,10,1,14
04:15:01,40,30,10,7
04:15:11,15,10,12,13
04:15:21,0,25,6,12
04:15:31,25,35,6,17
04:15:41,0,30,9,17
04:15:51,45,10,3,18
04:16:01,5,5,5,14
04:16:11,25,0,13,13
04:16:21,65,15,12,10
04:16:31,40,20,32,17
04:16:41,25,45,7,17
04:16:51,10,0,2,7
04:17:01,5,35,10,13
04:17:11,45,20,23,18
04:17:21,40,35,7,15
04:17:31,10,35,2,14
04:17:41,0,25,1,12
04:17:51,45,30,1,4
04:18:01,10,15,16,18
04:18:11,55,20,3,18
04:18:21,50,40,9,12
04:18:31,20,30,2,35
04:18:41,50,0,3,24
04:18:51,0,25,12,16
04:19:01,45,35,2,12
04:19:11,30,25,9,13
04:19:21,30,20,9,12
04:19:31,25,30,3,12
04:19:41,50,0,6,14
04:19:51,35,0,2,7
04:20:01,35,40,3,13
04:20:11,10,40,1,12
04:20:21,30,5,2,9
04:20:31,20,25,3,12
04:20:41,25,15,19,4
04:20:51,25,20,2,11
04:21:01,10,10,2,16
04:21:11,20,45,3,18
04:21:21,20,45,44,17
05:00:11,60,10,12,14
05:00:21,45,35,14,39
05:00:31,35,30,14,7
05:00:41,20,0,46,36
05:00:51,45,40,3,4
05:01:01,65,40,21,8
05:01:11,50,45,2,12
05:01:21,35,40,6,10
05:01:31,30,20,14,18
05:01:41,5,30,6,18
05:01:51,15,15,13,16
05:02:01,0,45,1,4
05:02:11,55,40,10,37
05:02:21,55,30,2,4
05:02:31,10,20,1,18
05:02:41,40,30,2,24
05:02:51,40,15,14,11
05:03:01,15,15,2,14
05:03:11,50,20,2,4
05:03:21,15,20,12,15
05:03:31,5,15,2,11
05:03:41,30,10,1,16
05:03:51,25,20,1,6
05:04:01,5,25,2,14
05:04:11,40,40,1,7
05:04:21,20,35,6,15
05:04:31,30,35,12,15
05:04:41,30,30,5,12
05:04:51,0,5,2,7
05:05:01,40,5,17,16
05:05:11,35,5,13,6
05:05:21,25,15,14,10
05:05:31,60,10,1,16
05:05:41,40,35,1,8
05:05:51,10,15,7,10
05:06:01,55,40,3,40
05:06:11,20,35,1,7
05:06:21,30,20,3,4
05:06:31,10,0,1,17
05:06:41,20,35,1,5
05:06:51,30,45,8,10
05:07:01,10,45,3,13
05:07:11,35,20,2,12
05:07:21,30,30,6,41
05:07:31,35,5,8,12
05:07:41,35,25,13,16
05:07:51,15,25,1,15
05:08:01,45,35,2,12
05:08:11,5,25,9,16
05:08:21,55,15,5,8
05:08:31,30,30,13,18
05:08:41,35,0,3,5
05:08:51,20,10,2,18
05:09:01,65,30,13,16
05:09:11,40,20,3,12
05:09:21,20,35,24,12
05:09:31,50,35,3,4
05:09:41,55,5,2,4
05:09:51,15,25,3,13
05:10:01,10,30,3,12
05:10:11,45,45,2,13
05:10:21,0,5,10,13
05:10:31,15,30,1,4
05:10:41,35,10,1,15
05:10:51,0,5,12,12
05:11:01,35,10,5,15
05:11:11,20,0,2,16
05:11:21,0,0,1,14
05:11:31,40,35,14,13
05:11:41,60,15,23,18
05:11:51,40,30,11,14
05:12:01,25,5,3,14
05:12:11,15,20,1,35
05:12:21,25,15,1,22
05:12:31,10,35,1,4
05:12:41,15,10,19,9
05:12:51,25,5,3,12
05:13:01,40,20,2,4
05:13:11,30,35,11,34
05:13:21,25,0,2,12
05:13:31,65,25,22,12
05:13:41,5,0,2,23
05:13:51,35,35,2,17
05:14:01,20,25,3,14
05:14:11,25,10,2,15
05:14:21,0,20,7,13
05:14:31,40,45,3,16
05:14:41,15,0,7,25
05:14:51,50,10,3,9
05:15:01,30,30,11,6
05:15:11,10,25,12,15
05:15:21,10,40,9,24
05:15:31,45,45,1,17
05:15:41,20,40,1,11
05:15:51,5,30,1,4
05:16:01,15,45,14,18
05:16:11,40,35,13,4
05:16:21,35,40,5,9
05:16:31,65,45,1,10
05:16:41,5,40,11,4
05:16:51,5,10,2,6
05:17:01,25,5,8,16
05:17:11,40,20,21,18
05:17:21,20,10,47,10
05:17:31,65,15,3,17
05:17:41,0,20,13,13
05:17:51,30,15,3,12
05:18:01,10,15,2,15
05:18:11,5,15,2,17
05:18:21,45,20,23,17
05:18:31,35,35,3,14
05:18:41,35,30,12,7
05:18:51,60,5,3,15
05:19:01,45,20,3,15
05:19:11,0,10,3,9
05:19:21,0,20,19,12
05:19:31,60,0,1,8
05:19:41,5,30,3,42
05:19:51,65,0,1,39
05:20:01,25,30,2,6
05:20:11,35,25,1,8
05:20:21,0,20,11,12
05:20:31,35,25,13,4
05:20:41,65,0,11,4
05:20:51,15,10,22,27
05:21:01,40,5,1,18
05:21:11,25,30,1,14
05:21:21,20,0,10,10
05:21:31,10,35,13,4
05:21:41,65,20,3,13
05:21:51,20,35,16,18
05:22:01,65,30,1,16
05:22:11,30,25,10,12
05:22:21,50,40,1,25
05:22:31,0,5,2,9
05:22:41,40,0,2,13
05:22:51,65,0,3,8
05:23:01,30,5,13,12
06:00:11,45,45,11,24
06:00:21,20,15,1,17
06:00:31,5,45,8,4
06:00:41,30,10,17,11
06:00:51,25,25,8,12
06:01:01,5,5,23,15
06:01:11,10,35,6,9
06:01:21,10,20,2,6
06:01:31,40,10,7,12
06:01:41,60,35,8,13
06:01:51,0,5,12,18
06:02:01,20,40,3,13
06:02:11,65,0,3,12
06:02:21,0,5,2,12
06:02:31,65,45,1,8
06:02:41,10,20,36,8
06:02:51,30,0,14,18
06:03:01,20,5,13,8
06:03:11,30,45,33,12
06:03:21,20,5,1,5
06:03:31,40,20,1,14
06:03:41,20,20,13,10
06:03:51,60,30,19,7
06:04:01,55,5,8,14
06:04:11,40,5,9,14
06:04:21,10,0,1,39
06:04:31,60,40,2,7
06:04:41,10,0,5,16
06:04:51,50,5,5,4
06:05:01,0,20,26,12
06:05:11,45,25,8,4
06:05:21,45,40,3,17
06:05:31,10,10,3,10
06:05:41,25,35,8,16
06:05:51,20,25,1,8
06:06:01,5,10,11,18
06:06:11,65,35,2,11
06:06:21,30,10,1,12
06:06:31,0,0,14,8
06:06:41,45,20,46,8
06:06:51,10,25,10,18
06:07:01,55,15,1,10
06:07:11,30,30,11,17
06:07:21,15,30,1,24
06:07:31,60,30,1,13
06:07:41,20,20,6,12
06:07:51,15,15,22,8
06:08:01,35,10,45,33
06:08:11,55,20,1,33
06:08:21,60,0,18,16
06:08:31,40,40,5,4
06:08:41,25,20,6,13
06:08:51,35,5,1,15
06:09:01,55,25,1,15
06:09:11,0,10,9,13
06:09:21,10,0,21,20
06:09:31,15,30,13,4
06:09:41,30,0,54,10
06:09:51,25,20,2,15
06:10:01,15,45,3,4
06:10:11,50,45,13,9
06:10:21,20,20,3,24
06:10:31,0,5,14,9
06:10:41,0,40,1,13
06:10:51,15,45,1,16
06:11:01,30,20,2,6
06:11:11,20,45,3,13
06:11:21,5,25,3,17
06:11:31,25,35,10,14
06:11:41,40,15,1,4
06:11:51,55,25,17,4
06:12:01,60,35,8,25
06:12:11,40,40,10,5
06:12:21,50,5,6,9
06:12:31,25,35,2,10
06:12:41,55,30,5,13
06:12:51,5,45,1,6
06:13:01,20,10,14,6
06:13:11,15,20,14,7
06:13:21,35,35,2,12
06:13:31,45,35,3,17
06:13:41,20,35,3,5
06:13:51,35,10,5,17
06:14:01,20,20,2,12
06:14:11,65,15,2,12
06:14:21,35,10,12,5
06:14:31,50,45,9,40
06:14:41,50,20,7,18
06:14:51,25,45,8,14
06:15:01,10,20,12,13
06:15:11,0,40,13,18
06:15:21,20,0,10,12
06:15:31,40,30,1,13
06:15:41,25,10,10,13
06:15:51,20,35,3,17
06:16:01,35,15,2,18
06:16:11,50,45,13,13
06:16:21,15,20,2,7
06:16:31,30,0,7,17
06:16:41,25,15,8,16
06:16:51,45,40,2,16
06:17:01,10,5,3,13
06:17:11,0,15,3,24
06:17:21,40,10,1,8
06:17:31,25,10,46,11
06:17:41,25,25,13,4
06:17:51,20,0,2,10
06:18:01,55,45,3,14
06:18:11,30,20,3,24
06:18:21,25,20,1,5
06:18:31,60,10,6,8
06:18:41,35,20,2,12
06:18:51,10,40,41,4
07:00:09,65,35,1,4
07:00:17,5,20,2,13
07:00:25,30,45,20,16
07:00:33,0,40,37,15
07:00:41,40,45,16,12
07:00:49,20,15,3,4
07:00:57,0,45,6,9
07:01:05,30,35,2,8
07:01:13,25,10,3,12
07:01:21,20,40,12,24
07:01:29,35,15,3,7
07:01:37,55,45,13,12
07:01:45,55,35,8,18
07:01:53,60,20,2,15
07:02:01,50,5,11,11
07:02:09,50,40,13,16
07:02:17,35,15,9,4
07:02:25,35,45,2,5
07:02:33,25,30,3,18
07:02:41,5,10,51,12
07:02:49,55,45,18,10
07:02:57,35,0,1,15
07:03:05,65,0,2,17
07:03:13,0,35,10,4
07:03:21,55,10,2,32
07:03:29,55,40,9,17
07:03:37,30,15,17,16
07:03:45,0,45,6,12
07:03:53,35,25,1,10
07:04:01,0,20,37,15
07:04:09,65,15,3,12
07:04:17,20,5,1,12
07:04:25,20,25,2,15
07:04:33,45,0,8,12
07:04:41,25,5,38,34
07:04:49,20,45,14,18
07:04:57,25,40,8,9
07:05:05,65,10,10,12
07:05:13,55,45,10,12
07:05:21,10,45,8,4
07:05:29,45,45,2,17
07:05:37,55,30,1,9
07:05:45,25,0,1,8
07:05:53,25,5,1,42
07:06:01,15,5,10,18
07:06:09,35,25,1,4
07:06:17,0,45,10,7
07:06:25,65,15,14,4
07:06:33,60,40,11,32
07:06:41,50,0,1,16
07:06:49,5,40,3,15
07:06:57,25,0,8,11
07:07:05,25,5,21,13
07:07:13,20,5,3,14
07:07:21,65,10,1,27
07:07:29,25,30,19,18
07:07:37,65,25,12,15
07:07:45,25,35,5,18
07:07:53,25,35,7,9
07:08:01,20,10,13,13
07:08:09,60,25,3,14
07:08:17,35,35,44,42
07:08:25,20,35,2,5
07:08:33,30,5,10,4
07:08:41,10,40,12,18
07:08:49,10,10,26,29
07:08:57,35,30,14,10
07:09:05,45,40,22,7
07:09:13,20,35,12,10
07:09:21,65,5,9,17
07:09:29,5,10,3,16
07:09:37,0,0,13,7
07:09:45,60,35,2,24
07:09:53,50,10,2,16
07:10:01,65,25,2,14
07:10:09,5,25,10,8
07:10:17,50,10,21,17
07:10:25,55,40,19,13
07:10:33,0,45,1,12
07:10:41,10,10,13,24
07:10:49,5,40,14,17
07:10:57,45,25,5,11
07:11:05,40,5,6,8
07:11:13,30,35,45,5
07:11:21,25,25,1,22
07:11:29,25,30,6,9
07:11:37,10,45,14,24
07:11:45,10,25,10,17
07:11:53,60,15,20,16
07:12:01,35,10,13,4
07:12:09,10,10,5,4
07:12:17,35,0,24,16
07:12:25,5,0,20,17
07:12:33,0,15,2,11
07:12:41,15,35,3,13
07:12:49,40,30,8,7
08:00:09,0,10,6,13
08:00:17,60,5,11,15
08:00:25,5,40,1,11
08:00:33,30,45,10,14
08:00:41,50,20,2,15
08:00:49,10,15,2,13
08:00:57,25,25,11,11
08:01:05,20,45,14,17
08:01:13,0,40,24,12
08:01:21,65,5,13,14
08:01:29,65,5,1,8
08:01:37,25,35,1,15
08:01:45,60,30,2,15
08:01:53,10,10,2,36
08:02:01,25,25,2,39
08:02:09,5,30,11,17
08:02:17,55,10,5,15
08:02:25,0,30,1,5
08:02:33,35,40,8,5
08:02:41,20,0,13,13
08:02:49,10,5,3,17
08:02:57,50,10,1,7
08:03:05,5,5,10,6
08:03:13,20,45,2,14
08:03:21,65,45,2,11
08:03:29,40,0,13,14
08:03:37,50,0,3,19
08:03:45,60,15,10,12
08:03:53,45,30,10,18
08:04:01,15,10,6,12
08:04:09,55,35,2,10
08:04:17,25,20,29,4
08:04:25,0,0,3,24
08:04:33,20,0,2,4
08:04:41,60,25,2,15
08:04:49,25,25,3,4
08:04:57,40,5,9,17
08:05:05,30,45,2,14
08:05:13,25,15,2,11
08:05:21,10,15,3,18
08:05:29,55,25,3,5
08:05:37,65,45,2,6
08:05:45,25,5,12,18
08:05:53,50,30,3,14
08:06:01,0,5,2,18
08:06:09,45,15,16,5
08:06:17,65,25,14,18
08:06:25,60,10,3,15
08:06:33,10,0,1,12
08:06:41,65,15,2,13
08:06:49,45,45,12,16
08:06:57,15,30,2,16
08:07:05,10,25,9,17
08:07:13,35,15,23,12
08:07:21,0,15,9,15
08:07:29,35,10,2,11
08:07:37,25,20,8,9
08:07:45,25,15,54,4
08:07:53,50,0,13,9
08:08:01,30,20,13,17
08:08:09,10,0,12,4
08:08:17,60,25,9,15
08:08:25,55,35,5,16
08:08:33,65,15,8,6
08:08:41,65,10,3,15
08:08:49,0,0,2,22
08:08:57,50,5,11,11
08:09:05,25,10,1,6
08:09:13,55,5,23,16
08:09:21,45,5,3,18
08:09:29,5,10,3,16
08:09:37,15,20,1,9
08:09:45,20,45,3,14
08:09:53,0,35,1,16
08:10:01,10,35,13,13
08:10:09,0,0,3,9
08:10:17,45,20,3,13
08:10:25,35,0,3,12
08:10:33,45,20,12,4
08:10:41,65,40,3,12
08:10:49,10,5,3,17
08:10:57,20,30,2,8
08:11:05,0,25,1,4
08:11:13,45,40,12,6
08:11:21,30,15,3,12
08:11:29,30,35,11,30
08:11:37,50,5,3,8
08:11:45,15,5,2,12
08:11:53,25,40,1,8
08:12:01,40,0,2,17
08:12:09,35,10,9,4
08:12:17,35,35,12,13
08:12:25,20,20,2,15
08:12:33,30,40,3,22
08:12:41,65,30,5,12
08:12:49,20,5,37,11
08:12:57,20,40,26,19
08:13:05,45,25,1,16
08:13:13,65,45,5,18
08:13:21,65,10,2,24
08:13:29,15,30,11,18
08:13:37,5,5,10,17
08:13:45,5,25,12,15
08:13:53,55,5,2,6
08:14:01,15,40,30,17
08:14:09,5,30,3,4
08:14:17,20,25,1,13
08:14:25,30,25,1,17
08:14:33,45,35,36,9
08:14:41,50,45,2,15
08:14:49,60,0,6,12
08:14:57,40,0,1,12
08:15:05,35,25,52,12
08:15:13,10,15,2,13
08:15:21,10,10,1,12
08:15:29,15,0,14,13
08:15:37,55,5,9,8
08:15:45,45,40,1,17
08:15:53,65,40,5,11
08:16:01,40,40,11,12
08:16:09,30,35,2,10
08:16:17,5,5,6,14
08:16:25,10,35,6,6
08:16:33,5,10,6,24
08:16:41,10,20,12,13
08:16:49,55,35,5,10
08:16:57,60,15,1,9
08:17:05,45,35,9,15
08:17:13,65,35,13,12
08:17:21,10,10,47,5
09:00:09,20,30,3,30
09:00:17,5,35,3,34
09:00:25,15,25,1,15
09:00:33,50,0,1,22
09:00:41,40,5,10,11
09:00:49,0,35,9,31
09:00:57,15,0,3,12
09:01:05,30,25,3,7
09:01:13,15,30,53,15
09:01:21,0,40,2,24
09:01:29,55,5,1,16
09:01:37,30,45,3,6
09:01:45,45,5,7,10
09:01:53,60,40,10,7
09:02:01,20,45,1,18
09:02:09,65,35,14,19
09:02:17,35,15,22,16
09:02:25,60,40,14,11
09:02:33,55,20,9,14
09:02:41,5,40,2,11
09:02:49,35,0,5,16
09:02:57,30,5,15,16
09:03:05,60,40,8,12
09:03:13,30,5,11,15
09:03:21,60,30,7,24
09:03:29,35,40,1,12
09:03:37,60,40,18,8
09:03:45,60,10,13,16
09:03:53,0,5,1,4
09:04:01,15,25,2,5
09:04:09,30,45,3,18
09:04:17,45,25,24,9
09:04:25,5,5,9,8
09:04:33,20,20,3,18
09:04:41,65,10,2,14
09:04:49,35,25,14,9
09:04:57,35,10,9,38
09:05:05,5,40,32,14
09:05:13,35,0,5,17
09:05:21,0,0,3,5
09:05:29,50,45,14,20
09:05:37,60,0,8,17
09:05:45,30,20,2,17
09:05:53,20,0,1,12
09:06:01,20,10,8,7
09:06:09,45,30,7,13
09:06:17,5,35,33,13
09:06:25,30,20,3,10
09:06:33,55,25,2,39
09:06:41,60,35,12,26
09:06:49,60,10,9,8
09:06:57,35,10,2,16
09:07:05,0,20,3,22
09:07:13,15,35,2,16
09:07:21,5,40,9,4
09:07:29,55,25,2,10
09:07:37,25,25,2,28
09:07:45,60,25,1,12
09:07:53,45,40,17,6
09:08:01,0,30,3,12
09:08:09,10,15,13,4
09:08:17,55,0,2,18
09:08:25,30,10,12,14
09:08:33,5,15,3,16
09:08:41,15,10,1,40
09:08:49,25,35,17,14
09:08:57,50,5,14,18
09:09:05,0,25,7,12
09:09:13,55,5,21,10
09:09:21,55,15,1,15
09:09:29,35,30,8,4
09:09:37,60,25,9,15
09:09:45,60,40,3,36
09:09:53,25,20,13,9
09:10:01,50,25,1,7
09:10:09,45,25,1,7
09:10:17,20,35,16,14
09:10:25,65,40,1,14
09:10:33,0,25,2,15
09:10:41,35,0,3,7
09:10:49,35,45,7,4
09:10:57,5,10,39,12
09:11:05,40,45,14,14
09:11:13,55,5,3,18
09:11:21,60,10,1,4
09:11:29,45,5,1,11
09:11:37,35,30,24,12
09:11:45,20,10,8,5
09:11:53,30,40,14,8
09:12:01,25,5,14,18
09:12:09,25,5,11,13
09:12:17,0,15,14,13
09:12:25,25,10,29,8
09:12:33,60,40,53,24
09:12:41,20,5,43,13
09:12:49,45,45,2,14
09:12:57,35,10,5,13
09:13:05,40,5,1,6
09:13:13,25,20,17,13
09:13:21,35,30,1,16
09:13:29,30,35,2,8
09:13:37,40,40,1,12
09:13:45,5,20,1,6
09:13:53,0,5,6,5
09:14:01,10,35,3,16
09:14:09,25,20,2,13
09:14:17,30,20,1,12
09:14:25,30,45,3,12
09:14:33,0,5,1,4
09:14:41,30,15,12,4
09:14:49,65,5,16,8
09:14:57,5,15,2,5
09:15:05,30,0,2,7
09:15:13,15,20,12,18
09:15:21,45,30,2,15
09:15:29,30,15,2,18
09:15:37,15,35,1,6
09:15:45,40,40,1,38
09:15:53,35,30,3,12
09:16:01,10,35,14,9
09:16:09,20,35,2,40
10:00:09,5,20,3,15
10:00:17,40,35,13,11
10:00:25,10,45,6,6
10:00:33,25,15,12,8
10:00:41,25,45,6,14
10:00:49,65,20,47,17
10:00:57,45,0,10,32
10:01:05,55,35,2,11
10:01:13,5,5,14,29
10:01:21,5,5,5,13
10:01:29,65,30,23,14
10:01:37,15,40,2,11
10:01:45,5,25,11,4
10:01:53,5,5,21,16
10:02:01,65,5,20,18
10:02:09,50,0,11,18
10:02:17,60,45,3,11
10:02:25,50,45,7,6
10:02:33,10,25,8,10
10:02:41,65,45,10,4
10:02:49,40,45,18,24
10:02:57,50,10,2,12
10:03:05,35,45,11,12
10:03:13,65,10,3,4
10:03:21,20,20,8,17
10:03:29,55,20,39,39
10:03:37,10,20,3,14
10:03:45,60,20,3,17
10:03:53,10,15,2,12
10:04:01,10,45,5,15
10:04:09,65,35,11,16
10:04:17,10,40,7,15
10:04:25,60,25,1,6
10:04:33,10,0,1,14
10:04:41,35,15,15,13
10:04:49,5,45,5,9
10:04:57,45,10,5,18
10:05:05,10,40,14,14
10:05:13,60,0,1,28
10:05:21,10,20,1,24
10:05:29,25,5,1,4
10:05:37,40,30,3,6
10:05:45,30,20,2,8
10:05:53,15,10,1,18
10:06:01,65,0,3,12
10:06:09,25,30,19,15
10:06:17,50,10,12,16
10:06:25,45,25,1,8
10:06:33,0,35,13,6
10:06:41,65,0,3,4
10:06:49,35,0,15,4
10:06:57,50,20,2,4
10:07:05,20,35,2,12
10:07:13,0,35,2,15
10:07:21,15,45,7,16
10:07:29,50,5,1,17
10:07:37,60,25,2,14
10:07:45,10,5,41,5
10:07:53,25,30,13,19
10:08:01,60,0,18,5
10:08:09,45,10,14,18
10:08:17,60,35,3,4
10:08:25,0,5,1,12
10:08:33,40,45,41,11
10:08:41,35,10,8,7
10:08:49,45,30,1,12
10:08:57,25,40,1,19
10:09:05,20,40,2,16
10:09:13,10,0,8,15
10:09:21,60,10,10,12
10:09:29,15,35,1,4
10:09:37,65,10,6,7
10:09:45,60,20,5,16
10:09:53,20,40,2,15
10:10:01,30,5,14,14
10:10:09,10,40,2,4
10:10:17,40,20,19,34
10:10:25,35,0,1,4
10:10:33,25,10,8,4
10:10:41,50,10,1,18
10:10:49,5,20,6,31
10:10:57,0,0,1,4
10:11:05,20,40,15,7
10:11:13,35,30,1,9
10:11:21,55,20,3,17
10:11:29,5,30,1,7
10:11:37,10,45,13,9
10:11:45,35,45,19,41
10:11:53,15,40,2,9
10:12:01,0,0,1,16
10:12:09,40,5,14,4
10:12:17,25,45,8,5
10:12:25,55,10,3,11
10:12:33,65,20,3,12
10:12:41,35,35,13,36
10:12:49,0,35,21,12
10:12:57,45,20,8,15
10:13:05,0,5,3,19
10:13:13,65,25,1,18
10:13:21,5,10,3,18
10:13:29,5,35,1,15
10:13:37,50,10,3,16
10:13:45,0,25,27,20
10:13:53,0,5,3,18
10:14:01,0,35,1,16
10:14:09,0,0,2,16
10:14:17,25,10,1,11
10:14:25,40,40,1,5
10:14:33,15,30,2,15
10:14:41,60,10,3,5
10:14:49,0,20,2,24
10:14:57,10,45,1,11
10:15:05,55,10,2,4
10:15:13,60,40,1,13
10:15:21,15,25,3,12
10:15:29,50,40,1,36
10:15:37,45,10,11,16
10:15:45,55,5,2,13
10:15:53,20,40,8,15
10:16:01,40,35,11,22
10:16:09,10,15,11,18
10:16:17,55,0,9,18
10:16:25,65,25,21,7
10:16:33,50,45,13,13
10:16:41,50,15,46,15
10:16:49,65,45,14,4
10:16:57,40,30,8,4
10:17:05,30,15,3,16
11:00:09,10,5,1,6
11:00:17,20,30,2,35
11:00:25,15,10,5,16
11:00:33,40,20,1,8
11:00:41,50,40,3,17
11:00:49,0,25,11,7
11:00:57,0,15,3,16
11:01:05,25,35,9,14
11:01:13,10,0,54,15
11:01:21,20,20,1,19
11:01:29,60,20,1,17
11:01:37,10,20,8,16
11:01:45,45,0,8,15
11:01:53,30,45,8,9
11:02:01,15,40,3,14
11:02:09,65,5,14,14
11:02:17,60,45,14,7
11:02:25,45,5,8,4
11:02:33,35,10,1,9
11:02:41,25,35,9,4
11:02:49,45,5,2,14
11:02:57,60,5,21,7
11:03:05,35,20,1,5
11:03:13,10,35,14,12
11:03:21,45,30,2,10
11:03:29,30,30,2,12
11:03:37,40,25,5,18
11:03:45,15,35,13,16
11:03:53,60,5,28,4
11:04:01,10,45,1,19
11:04:09,50,10,1,7
11:04:17,0,30,14,24
11:04:25,20,20,9,7
11:04:33,65,35,9,17
11:04:41,5,45,40,24
11:04:49,35,45,3,14
11:04:57,25,0,2,4
11:05:05,15,5,2,9
11:05:13,20,20,34,10
11:05:21,25,20,28,12
11:05:29,55,25,9,17
11:05:37,35,20,9,8
11:05:45,15,5,1,15
11:05:53,10,5,1,7
11:06:01,65,0,2,12
11:06:09,50,10,1,7
11:06:17,40,0,3,15
11:06:25,20,10,3,11
11:06:33,0,15,2,11
11:06:41,30,10,3,8
11:06:49,30,20,3,13
11:06:57,20,0,44,15
11:07:05,45,45,11,12
11:07:13,30,25,16,7
11:07:21,40,40,19,8
11:07:29,25,20,24,16
11:07:37,20,30,3,7
11:07:45,50,10,9,4
11:07:53,15,35,3,27
11:08:01,50,25,17,10
11:08:09,20,35,3,13
11:08:17,0,30,2,13
11:08:25,0,25,2,19
11:08:33,65,25,30,16
11:08:41,0,10,10,13
11:08:49,20,45,1,4
11:08:57,65,45,8,13
11:09:05,35,10,3,18
11:09:13,15,15,1,12
11:09:21,45,25,8,17
11:09:29,40,40,14,17
11:09:37,60,40,17,34
11:09:45,20,5,3,13
11:09:53,20,30,2,8
11:10:01,5,30,3,16
11:10:09,55,10,2,16
11:10:17,15,15,6,16
11:10:25,40,0,2,35
11:10:33,65,30,3,16
11:10:41,30,30,23,14
11:10:49,40,25,11,14
11:10:57,50,25,1,9
11:11:05,35,20,20,12
11:11:13,45,0,7,14
11:11:21,40,10,15,13
11:11:29,20,40,27,5
11:11:37,40,0,1,4
11:11:45,65,40,2,15
11:11:53,40,20,11,17
11:12:01,0,35,2,5
11:12:09,50,30,7,16
11:12:17,15,20,2,13
11:12:25,20,40,1,17
11:12:33,5,30,11,13
11:12:41,15,10,3,5
11:12:49,10,15,2,17
11:12:57,0,15,15,18
11:13:05,50,35,1,18
11:13:13,35,25,7,7
11:13:21,55,10,16,16
11:13:29,20,15,17,13
11:13:37,50,35,1,12
11:13:45,35,45,48,5
11:13:53,30,20,3,40
11:14:01,45,30,5,10
11:14:09,10,15,7,9
11:14:17,10,40,1,13
11:14:25,30,30,1,13
11:14:33,50,45,1,34
11:14:41,60,35,2,15
11:14:49,25,5,3,14
11:14:57,5,10,46,10
11:15:05,35,45,10,41
11:15:13,40,40,1,15
11:15:21,65,5,8,6
11:15:29,5,40,9,18
11:15:37,45,45,5,11
11:15:45,45,5,1,10
11:15:53,55,20,3,35
11:16:01,10,15,28,14
12:00:09,5,15,11,26
12:00:17,35,20,1,10
12:00:25,50,0,1,12
12:00:33,25,5,7,12
12:00:41,45,25,5,12
12:00:49,50,35,9,5
12:00:57,40,10,2,16
12:01:05,0,10,33,5
12:01:13,0,15,5,6
12:01:21,50,25,3,12
12:01:29,25,5,1,8
12:01:37,55,30,2,9
12:01:45,60,25,11,13
12:01:53,25,25,2,4
12:02:01,0,0,3,18
12:02:09,10,25,3,12
12:02:17,25,35,3,6
12:02:25,35,15,12,14
12:02:33,45,30,10,39
12:02:41,30,20,1,5
12:02:49,60,40,13,15
12:02:57,45,30,3,12
12:03:05,50,0,9,18
12:03:13,30,40,15,11
12:03:21,55,15,2,15
12:03:29,30,35,10,14
12:03:37,15,15,2,7
12:03:45,15,20,22,37
12:03:53,45,5,2,12
12:04:01,45,5,6,15
12:04:09,25,10,3,16
12:04:17,20,20,1,4
12:04:25,65,0,1,19
12:04:33,55,25,3,14
12:04:41,55,35,2,7
12:04:49,45,35,9,37
12:04:57,60,35,6,14
12:05:05,45,15,23,18
12:05:13,5,20,1,4
12:05:21,25,40,3,41
12:05:29,65,35,1,17
12:05:37,55,0,3,12
12:05:45,30,45,2,10
12:05:53,10,5,3,17
12:06:01,20,20,24,6
12:06:09,35,30,54,16
12:06:17,0,40,8,13
12:06:25,50,15,11,7
12:06:33,10,25,13,14
12:06:41,30,20,12,12
12:06:49,60,0,2,5
12:06:57,15,25,3,12
12:07:05,5,5,11,12
12:07:13,10,15,12,16
12:07:21,40,20,5,18
12:07:29,45,5,8,18
12:07:37,15,30,3,5
12:07:45,25,20,3,12
12:07:53,65,15,39,5
12:08:01,45,25,25,26
12:08:09,5,45,11,17
12:08:17,10,20,5,14
12:08:25,30,10,2,4
12:08:33,55,20,3,14
12:08:41,60,45,2,15
12:08:49,55,40,1,17
12:08:57,0,30,2,18
12:09:05,35,20,12,13
12:09:13,45,5,21,4
12:09:21,60,30,1,12
12:09:29,65,20,18,15
12:09:37,35,10,19,6
12:09:45,25,5,15,4
12:09:53,5,30,1,11
12:10:01,40,25,12,31
12:10:09,60,40,1,17
12:10:17,45,40,12,6
12:10:25,60,25,11,9
12:10:33,10,45,1,14
12:10:41,55,15,24,7
12:10:49,0,25,11,7
12:10:57,65,25,11,14
12:11:05,0,10,16,16
12:11:13,65,0,2,13
12:11:21,50,45,3,6
12:11:29,40,35,2,12
12:11:37,65,0,7,4
12:11:45,45,25,13,16
12:11:53,5,0,11,4
12:12:01,60,30,1,4
12:12:09,10,45,14,12
12:12:17,0,20,2,4
12:12:25,25,10,1,18
12:12:33,55,5,2,18
12:12:41,0,0,1,11
12:12:49,40,30,6,13
12:12:57,55,10,3,36
12:13:05,60,20,1,12
12:13:13,50,20,1,12
12:13:21,10,5,7,22
12:13:29,10,20,18,13
12:13:37,55,30,3,15
12:13:45,30,35,3,11
12:13:53,5,5,2,8
12:14:01,55,10,2,5
12:14:09,35,35,2,15
12:14:17,60,30,2,17
12:14:25,45,10,8,18
12:14:33,30,15,1,18
12:14:41,25,35,2,18
12:14:49,0,45,3,12
12:14:57,25,20,23,15
12:15:05,5,25,21,15
12:15:13,5,45,15,5
12:15:21,35,40,10,8
12:15:29,30,25,5,18
12:15:37,10,35,3,8
12:15:45,40,10,3,12
12:15:53,20,30,7,4
12:16:01,0,10,5,6
12:16:09,25,25,1,8
12:16:17,5,35,12,11
12:16:25,25,25,1,36
12:16:33,60,45,11,18
12:16:41,40,45,14,14
12:16:49,0,35,2,17
12:16:57,40,40,3,15
12:17:05,25,25,2,14
12:17:13,15,30,23,4
12:17:21,25,5,9,32
12:17:29,50,30,1,18
12:17:37,10,15,19,6
12:17:45,5,40,3,4
12:17:53,20,0,11,12
12:18:01,30,25,13,15
12:18:09,35,45,7,18
12:18:17,5,20,8,8
12:18:25,10,25,9,4
13:00:09,65,40,1,12
13:00:17,20,40,2,14
13:00:25,40,30,12,12
13:00:33,40,30,2,11
13:00:41,10,20,3,13
13:00:49,25,15,50,17
13:00:57,45,45,12,9
13:01:05,55,40,32,4
13:01:13,45,45,1,14
13:01:21,15,40,1,16
13:01:29,45,0,3,14
13:01:37,5,15,9,33
13:01:45,35,45,13,5
13:01:53,0,45,3,18
13:02:01,45,40,5,7
13:02:09,45,35,2,16
13:02:17,35,10,2,17
13:02:25,65,10,2,12
13:02:33,60,15,18,5
13:02:41,30,30,3,6
13:02:49,40,25,3,17
13:02:57,45,20,1,15
13:03:05,55,35,10,16
13:03:13,0,5,8,4
13:03:21,55,45,12,41
13:03:29,15,25,2,6
13:03:37,40,35,6,6
13:03:45,45,5,5,12
13:03:53,50,5,2,8
13:04:01,10,40,2,9
13:04:09,45,30,30,18
13:04:17,50,0,15,18
13:04:25,65,0,8,10
13:04:33,15,0,3,8
13:04:41,45,20,1,17
13:04:49,60,0,3,35
13:04:57,40,10,2,35
13:05:05,15,25,7,18
13:05:13,5,20,9,5
13:05:21,20,10,19,12
13:05:29,30,30,9,27
13:05:37,45,10,15,4
13:05:45,0,5,8,12
13:05:53,0,30,1,15
13:06:01,10,20,23,10
13:06:09,0,5,3,13
13:06:17,30,5,2,18
13:06:25,40,15,8,5
13:06:33,25,25,35,13
13:06:41,65,40,1,17
13:06:49,5,0,25,17
13:06:57,60,10,3,12
13:07:05,20,0,19,10
13:07:13,45,25,1,10
13:07:21,60,25,6,15
13:07:29,20,20,3,14
13:07:37,5,45,1,13
13:07:45,45,10,1,11
13:07:53,0,10,1,4
13:08:01,30,10,14,18
13:08:09,0,20,32,4
13:08:17,20,40,2,7
13:08:25,30,0,1,16
13:08:33,0,10,2,4
13:08:41,65,15,2,5
13:08:49,5,0,1,4
13:08:57,0,45,3,5
13:09:05,35,0,7,16
13:09:13,55,40,2,12
13:09:21,45,0,3,11
13:09:29,15,45,14,4
13:09:37,40,15,14,16
13:09:45,50,30,14,18
13:09:53,65,10,3,4
13:10:01,5,10,1,14
13:10:09,60,40,9,4
13:10:17,5,5,11,18
13:10:25,55,0,2,6
13:10:33,0,15,11,17
13:10:41,35,5,13,17
13:10:49,20,20,9,4
13:10:57,15,15,3,18
13:11:05,55,20,11,15
13:11:13,10,15,2,10
13:11:21,55,30,1,15
13:11:29,40,5,1,9
13:11:37,20,5,1,12
13:11:45,55,35,2,18
13:11:53,65,35,10,17
13:12:01,60,0,3,9
13:12:09,5,40,2,15
13:12:17,55,5,8,15
13:12:25,5,40,10,18
13:12:33,35,35,7,21
13:12:41,20,25,10,13
13:12:49,55,15,54,12
13:12:57,15,0,5,9
13:13:05,65,40,3,12
13:13:13,65,5,1,12
13:13:21,60,10,2,16
13:13:29,20,0,3,16
13:13:37,60,45,11,15
13:13:45,50,30,2,16
13:13:53,35,0,15,21
13:14:01,25,40,1,40
13:14:09,45,45,2,5
13:14:17,65,40,2,12
13:14:25,15,30,1,21
13:14:33,50,25,3,4
13:14:41,40,30,7,12
13:14:49,20,20,5,5
13:14:57,50,0,1,17
13:15:05,15,40,23,4
13:15:13,45,0,2,9
13:15:21,55,5,5,17
13:15:29,30,40,12,5
13:15:37,5,5,16,21
13:15:45,50,20,8,18
13:15:53,60,40,3,6
13:16:01,60,40,1,31
13:16:09,0,40,21,9
13:16:17,25,35,22,15
13:16:25,35,15,10,12
13:16:33,65,25,24,14
13:16:41,50,0,14,18
13:16:49,45,45,10,13
13:16:57,5,10,3,14
13:17:05,55,15,7,9
13:17:13,50,30,2,13
13:17:21,45,40,3,14
13:17:29,50,5,13,8
13:17:37,45,20,3,17
13:17:45,50,0,9,15
13:17:53,50,5,6,17
13:18:01,50,5,1,18
13:18:09,25,30,1,10
13:18:17,40,30,9,16
13:18:25,40,35,1,6
13:18:33,65,40,8,24
13:18:41,30,20,12,16
14:00:09,60,40,8,14
14:00:17,50,0,1,6
14:00:25,40,10,5,14
14:00:33,35,5,24,4
14:00:41,40,0,3,7
14:00:49,30,25,7,17
14:00:57,0,25,21,5
14:01:05,50,20,1,15
14:01:13,5,45,3,4
14:01:21,60,10,3,17
14:01:29,65,10,1,5
14:01:37,40,10,5,4
14:01:45,0,0,2,42
14:01:53,0,35,3,18
14:02:01,5,20,2,4
14:02:09,60,0,8,4
14:02:17,10,5,9,4
14:02:25,60,40,20,17
14:02:33,35,10,1,12
14:02:41,35,30,1,12
14:02:49,15,25,2,14
14:02:57,40,10,14,10
14:03:05,15,20,19,12
14:03:13,60,20,2,12
14:03:21,35,30,1,18
14:03:29,0,10,12,18
14:03:37,60,20,2,33
14:03:45,25,35,44,10
14:03:53,20,40,5,6
14:04:01,60,35,3,8
14:04:09,50,0,10,14
14:04:17,25,20,3,15
14:04:25,60,25,1,4
14:04:33,55,45,3,14
14:04:41,65,15,7,14
14:04:49,65,35,2,12
14:04:57,65,15,1,9
14:05:05,65,10,1,7
14:05:13,60,35,2,12
14:05:21,45,45,2,13
14:05:29,5,40,2,17
14:05:37,65,35,3,6
14:05:45,35,35,2,14
14:05:53,45,45,7,37
14:06:01,40,10,20,13
14:06:09,25,10,3,18
14:06:17,20,0,13,17
14:06:25,45,5,3,18
14:06:33,50,40,2,18
14:06:41,30,25,23,4
14:06:49,15,25,1,12
14:06:57,35,40,2,4
14:07:05,65,45,3,7
14:07:13,5,45,14,17
14:07:21,60,35,2,17
14:07:29,20,15,13,18
14:07:37,55,5,3,14
14:07:45,50,35,6,4
14:07:53,40,30,6,17
14:08:01,15,45,11,17
14:08:09,5,45,50,32
14:08:17,40,25,20,10
14:08:25,60,0,3,12
14:08:33,45,25,3,12
14:08:41,50,5,21,4
14:08:49,60,25,1,18
14:08:57,55,45,3,15
14:09:05,40,40,14,13
14:09:13,25,0,11,10
14:09:21,10,0,3,8
14:09:29,40,35,1,15
14:09:37,15,25,2,16
14:09:45,60,5,2,10
14:09:53,35,45,5,18
14:10:01,30,20,5,4
14:10:09,40,30,1,13
14:10:17,50,30,1,18
14:10:25,0,5,17,14
14:10:33,50,25,3,22
14:10:41,50,0,29,15
14:10:49,45,35,2,7
14:10:57,15,45,14,5
14:11:05,30,45,2,18
14:11:13,5,0,18,5
14:11:21,5,20,48,12
14:11:29,40,40,1,13
14:11:37,40,40,5,12
14:11:45,25,20,9,38
14:11:53,30,40,1,8
14:12:01,50,20,1,9
14:12:09,15,15,9,31
14:12:17,60,20,2,4
14:12:25,40,25,11,7
14:12:33,15,0,2,7
14:12:41,55,20,8,15
14:12:49,0,10,5,12
14:12:57,5,40,11,13
14:13:05,45,20,2,17
14:13:13,50,40,8,13
14:13:21,65,35,1,7
14:13:29,0,30,2,14
14:13:37,20,35,2,6
14:13:45,65,10,9,4
14:13:53,15,40,3,10
14:14:01,55,25,1,14
14:14:09,55,40,3,11
14:14:17,20,10,1,13
14:14:25,25,5,3,12
14:14:33,40,20,12,12
14:14:41,55,5,3,6
14:14:49,25,30,20,33
14:14:57,20,25,10,4
14:15:05,35,5,2,15
14:15:13,35,20,9,11
14:15:21,55,25,15,16
14:15:29,20,45,21,13
14:15:37,0,10,2,29
14:15:45,0,25,23,15
14:15:53,55,35,10,13
14:16:01,20,5,1,10
14:16:09,45,5,2,8
14:16:17,40,30,2,10
14:16:25,50,5,14,7
14:16:33,55,30,13,5
14:16:41,5,45,23,18
14:16:49,50,40,3,16
14:16:57,10,35,2,4
14:17:05,45,40,13,4
14:17:13,55,5,2,4
14:17:21,50,45,3,13
14:17:29,15,30,3,14
14:17:37,5,30,6,12
14:17:45,35,40,2,4
14:17:53,10,45,7,14
14:18:01,55,30,1,42
14:18:09,40,5,17,12
14:18:17,5,45,3,14
14:18:25,35,35,3,15
14:18:33,25,20,22,14
14:18:41,25,35,6,6
14:18:49,0,15,6,14
14:18:57,25,5,3,17
14:19:05,65,25,2,35
14:19:13,20,40,7,8
14:19:21,40,5,2,10
14:19:29,15,30,19,15
14:19:37,50,10,3,13
14:19:45,25,25,1,18
14:19:53,60,15,3,17
14:20:01,30,5,1,6
14:20:09,35,0,8,16
15:00:09,25,35,3,12
15:00:17,35,40,1,24
15:00:25,40,40,1,5
15:00:33,25,0,14,12
15:00:41,50,5,7,10
15:00:49,25,5,6,9
15:00:57,45,45,9,15
15:01:05,45,40,2,21
15:01:13,50,40,9,17
15:01:21,0,20,12,17
15:01:29,55,15,3,17
15:01:37,20,25,8,27
15:01:45,65,5,3,4
15:01:53,50,15,39,6
15:02:01,25,0,27,14
15:02:09,40,25,13,17
15:02:17,50,45,8,12
15:02:25,5,35,3,15
15:02:33,65,0,6,17
15:02:41,20,40,10,16
15:02:49,60,10,2,9
15:02:57,30,10,17,14
15:03:05,5,40,47,12
15:03:13,45,35,1,11
15:03:21,30,20,2,15
15:03:29,5,10,2,9
15:03:37,30,5,14,4
15:03:45,45,30,8,27
15:03:53,0,0,3,4
15:04:01,15,40,41,16
15:04:09,50,15,1,12
15:04:17,30,45,20,4
15:04:25,40,15,12,12
15:04:33,65,45,3,14
15:04:41,60,35,3,22
15:04:49,45,35,2,7
15:04:57,40,40,7,4
15:05:05,25,30,7,4
15:05:13,30,15,1,10
15:05:21,5,40,3,6
15:05:29,25,10,12,10
15:05:37,55,45,12,18
15:05:45,40,25,1,24
15:05:53,30,5,1,16
15:06:01,5,40,2,12
15:06:09,55,10,7,12
15:06:17,40,30,1,8
15:06:25,5,25,3,4
15:06:33,40,45,11,6
15:06:41,5,45,14,4
15:06:49,35,10,11,12
15:06:57,50,35,28,12
15:07:05,10,15,37,17
15:07:13,10,30,7,11
15:07:21,60,5,1,9
15:07:29,10,25,1,29
15:07:37,65,40,1,12
15:07:45,0,40,1,6
15:07:53,20,20,45,15
15:08:01,40,15,15,6
15:08:09,25,10,9,17
15:08:17,25,0,2,4
15:08:25,20,30,1,13
15:08:33,40,30,3,4
15:08:41,55,45,3,41
15:08:49,10,5,5,9
15:08:57,20,20,49,15
15:09:05,35,30,2,14
15:09:13,20,40,7,5
15:09:21,0,40,5,12
15:09:29,10,30,18,11
15:09:37,35,25,2,15
15:09:45,0,35,9,17
15:09:53,30,35,2,6
15:10:01,25,0,21,7
15:10:09,30,10,2,14
15:10:17,60,10,2,14
15:10:25,5,30,1,16
15:10:33,50,20,2,9
15:10:41,0,35,5,15
15:10:49,0,30,52,27
15:10:57,40,35,8,16
15:11:05,0,45,6,16
15:11:13,55,5,2,4
15:11:21,25,10,5,16
15:11:29,35,35,9,17
15:11:37,45,40,21,13
15:11:45,5,0,37,24
15:11:53,25,35,2,37
15:12:01,35,45,7,14
15:12:09,55,35,1,17
15:12:17,45,10,1,38
15:12:25,35,40,1,7
15:12:33,10,45,9,25
15:12:41,55,15,5,21
15:12:49,0,15,3,14
15:12:57,20,15,2,12
15:13:05,40,40,1,10
15:13:13,50,25,3,16
15:13:21,5,30,3,7
15:13:29,30,40,3,12
15:13:37,10,20,14,19
15:13:45,30,45,1,13
15:13:53,60,30,1,9
15:14:01,20,25,2,7
15:14:09,60,40,3,13
15:14:17,25,15,2,15
15:14:25,50,0,2,15
15:14:33,55,0,9,15
15:14:41,0,5,22,6
15:14:49,50,0,1,20
15:14:57,35,40,1,15
15:15:05,55,35,5,7
15:15:13,20,15,3,42
15:15:21,5,10,16,4
15:15:29,40,10,3,18
15:15:37,45,45,20,16
15:15:45,5,45,2,6
15:15:53,40,35,8,10
15:16:01,30,10,15,16
15:16:09,55,10,3,16
15:16:17,30,5,1,10
15:16:25,0,30,12,18
15:16:33,60,25,7,16
15:16:41,0,30,7,11
15:16:49,25,15,2,9
15:16:57,0,25,1,13
15:17:05,25,40,7,35
15:17:13,0,40,8,15
15:17:21,50,5,2,5
15:17:29,50,20,2,18
15:17:37,35,35,1,4
15:17:45,50,0,2,4
15:17:53,60,10,2,12
15:18:01,20,15,22,8
16:00:09,30,0,6,17
16:00:17,35,30,15,12
16:00:25,25,45,12,17
16:00:33,20,0,3,9
16:00:41,0,0,2,4
16:00:49,5,15,2,8
16:00:57,40,15,2,18
16:01:05,65,0,2,22
16:01:13,20,40,14,12
16:01:21,0,40,20,10
16:01:29,20,25,3,17
16:01:37,55,10,2,17
16:01:45,40,30,3,13
16:01:53,40,20,5,18
16:02:01,40,0,3,6
16:02:09,25,0,5,8
16:02:17,40,20,11,4
16:02:25,15,10,13,14
16:02:33,20,35,1,16
16:02:41,0,45,14,7
16:02:49,65,40,2,27
16:02:57,0,25,2,13
16:03:05,65,15,19,17
16:03:13,10,5,8,15
16:03:21,65,10,3,14
16:03:29,20,15,3,18
16:03:37,60,10,1,16
16:03:45,15,40,2,17
16:03:53,60,0,6,12
16:04:01,20,25,5,8
16:04:09,35,20,3,9
16:04:17,30,0,6,9
16:04:25,0,10,2,16
16:04:33,0,25,2,11
16:04:41,55,25,26,9
16:04:49,50,15,2,10
16:04:57,15,5,2,4
16:05:05,55,15,2,9
16:05:13,30,20,8,7
16:05:21,65,30,3,15
16:05:29,45,30,28,14
16:05:37,25,15,5,24
16:05:45,0,15,9,18
16:05:53,50,10,1,15
16:06:01,20,0,3,17
16:06:09,30,0,1,15
16:06:17,55,10,2,16
16:06:25,15,5,1,10
16:06:33,30,15,24,13
16:06:41,60,45,24,8
16:06:49,30,25,1,12
16:06:57,40,0,10,17
16:07:05,30,35,2,12
16:07:13,45,35,10,22
16:07:21,35,35,8,17
16:07:29,65,0,7,13
16:07:37,0,40,38,42
16:07:45,30,5,23,13
16:07:53,45,0,3,6
16:08:01,55,5,20,40
16:08:09,60,45,1,18
16:08:17,40,30,5,13
16:08:25,65,35,2,5
16:08:33,60,5,10,9
16:08:41,25,10,13,13
16:08:49,35,30,5,18
16:08:57,25,0,1,5
16:09:05,35,0,21,4
16:09:13,55,25,3,12
16:09:21,10,35,3,14
16:09:29,40,0,1,7
16:09:37,10,5,2,35
16:09:45,45,20,8,15
16:09:53,15,40,6,28
16:10:01,30,5,37,4
16:10:09,25,35,1,15
16:10:17,35,0,1,13
16:10:25,30,35,3,10
16:10:33,30,45,24,16
16:10:41,50,25,3,12
16:10:49,15,40,5,36
16:10:57,35,20,3,17
16:11:05,50,40,11,4
16:11:13,55,20,20,8
16:11:21,5,40,1,6
16:11:29,10,5,9,16
16:11:37,25,40,5,5
16:11:45,30,25,5,6
16:11:53,50,30,2,13
16:12:01,60,15,11,18
16:12:09,25,5,1,8
16:12:17,35,35,12,8
16:12:25,35,5,3,12
16:12:33,25,10,2,4
16:12:41,15,30,1,4
16:12:49,25,40,2,13
16:12:57,25,25,11,36
16:13:05,65,10,1,9
16:13:13,20,0,9,18
16:13:21,30,25,1,13
16:13:29,50,15,1,24
16:13:37,45,25,3,9
16:13:45,65,40,3,9
16:13:53,10,30,9,15
16:14:01,30,40,12,13
16:14:09,45,35,3,10
16:14:17,20,10,1,18
16:14:25,40,10,2,31
16:14:33,60,15,5,4
16:14:41,50,15,20,12
16:14:49,60,45,2,40
16:14:57,0,40,3,7
16:15:05,30,35,3,9
16:15:13,60,10,1,13
16:15:21,5,35,23,6
16:15:29,10,35,1,4
16:15:37,65,0,7,18
16:15:45,25,45,15,14
16:15:53,20,45,11,34
16:16:01,55,40,5,11
16:16:09,55,20,11,8
16:16:17,15,35,5,15
16:16:25,10,10,48,14
16:16:33,65,45,10,7
16:16:41,35,45,22,6
16:16:49,25,5,1,5
16:16:57,40,45,50,4
16:17:05,50,35,2,18
16:17:13,30,5,14,17
16:17:21,55,15,5,15
16:17:29,20,20,3,17
16:17:37,35,30,3,13
16:17:45,50,45,1,13
16:17:53,45,45,13,18
16:18:01,0,35,5,17
16:18:09,30,30,7,14
16:18:17,65,15,13,8
16:18:25,55,25,3,12
16:18:33,40,40,6,12
16:18:41,45,15,1,15
16:18:49,35,45,3,14
16:18:57,20,5,40,12
16:19:05,55,35,2,12
16:19:13,50,0,3,15
16:19:21,20,10,2,8
16:19:29,35,35,13,9
17:00:09,15,0,2,13
17:00:17,30,35,14,11
17:00:25,40,0,2,9
17:00:33,5,20,7,9
17:00:41,10,5,16,15
17:00:49,10,40,1,27
17:00:57,60,25,2,16
17:01:05,60,20,7,12
17:01:13,60,10,20,13
17:01:21,25,40,1,11
17:01:29,40,20,14,12
17:01:37,65,15,2,18
17:01:45,35,30,3,16
17:01:53,50,10,20,18
17:02:01,0,20,7,13
17:02:09,40,25,1,17
17:02:17,0,0,1,4
17:02:25,25,5,2,16
17:02:33,55,15,13,11
17:02:41,25,5,3,12
17:02:49,15,30,2,4
17:02:57,60,25,2,18
17:03:05,25,35,1,17
17:03:13,35,40,1,14
17:03:21,30,5,3,14
17:03:29,15,30,2,15
17:03:37,50,0,2,13
17:03:45,0,15,3,13
17:03:53,20,40,12,12
17:04:01,45,10,10,12
17:04:09,60,40,23,14
17:04:17,25,30,1,14
17:04:25,15,0,12,15
17:04:33,50,20,2,14
17:04:41,20,20,1,15
17:04:49,0,10,2,12
17:04:57,50,10,5,12
17:05:05,45,20,3,15
17:05:13,65,10,14,18
17:05:21,30,10,3,12
17:05:29,55,0,13,14
17:05:37,5,15,3,18
17:05:45,65,10,9,7
17:05:53,20,0,12,10
17:06:01,15,30,2,8
17:06:09,50,40,9,24
17:06:17,15,15,9,30
17:06:25,0,40,2,18
17:06:33,25,15,1,12
17:06:41,15,25,3,16
17:06:49,40,45,1,12
17:06:57,60,45,2,8
17:07:05,10,5,19,14
17:07:13,45,30,7,15
17:07:21,50,15,9,5
17:07:29,15,40,6,24
17:07:37,5,25,1,12
17:07:45,35,40,3,9
17:07:53,40,20,8,14
17:08:01,55,15,2,14
17:08:09,60,40,14,4
17:08:17,0,35,5,7
17:08:25,40,10,30,16
17:08:33,15,25,6,10
17:08:41,5,35,1,16
17:08:49,10,45,1,17
17:08:57,60,5,1,4
17:09:05,25,10,3,11
17:09:13,0,20,7,39
17:09:21,0,0,5,18
17:09:29,60,0,1,18
17:09:37,25,10,13,4
17:09:45,50,35,12,10
17:09:53,50,20,3,13
17:10:01,10,40,12,18
17:10:09,35,30,6,8
17:10:17,25,25,2,24
17:10:25,65,15,3,16
17:10:33,25,0,12,17
17:10:41,50,25,22,6
17:10:49,40,45,1,4
17:10:57,15,30,1,14
17:11:05,20,45,1,16
17:11:13,35,5,17,6
17:11:21,0,30,40,13
17:11:29,15,20,1,4
17:11:37,0,5,15,7
17:11:45,15,45,5,18
17:11:53,55,20,3,9
17:12:01,5,5,7,4
17:12:09,30,40,3,15
17:12:17,60,30,25,16
17:12:25,65,30,1,14
17:12:33,40,15,6,18
17:12:41,30,30,3,31
17:12:49,10,15,3,11
17:12:57,15,45,1,12
17:13:05,65,45,6,17
17:13:13,40,5,8,5
17:13:21,5,10,18,4
17:13:29,50,40,12,24
17:13:37,35,40,3,14
17:13:45,5,15,3,35
17:13:53,20,20,25,18
17:14:01,65,20,2,8
17:14:09,45,30,6,16
17:14:17,55,15,1,24
17:14:25,10,15,1,18
17:14:33,40,10,54,8
17:14:41,55,10,7,15
17:14:49,50,25,13,14
17:14:57,65,45,3,10
17:15:05,60,25,3,12
17:15:13,20,45,2,18
17:15:21,0,25,2,12
17:15:29,35,10,2,18
17:15:37,50,45,5,13
17:15:45,0,25,11,7
17:15:53,45,0,3,12
17:16:01,15,0,1,9
17:16:09,25,15,1,14
17:16:17,55,10,2,12
17:16:25,20,20,3,12
17:16:33,0,45,2,29
17:16:41,35,25,2,8
17:16:49,0,10,6,13
17:16:57,35,5,17,4
17:17:05,5,35,1,16
17:17:13,15,5,12,26
17:17:21,20,40,5,15
17:17:29,65,45,2,17
17:17:37,10,20,16,14
17:17:45,40,0,8,18
17:17:53,35,10,3,13
17:18:01,0,15,3,11
17:18:09,20,10,2,17
17:18:17,25,25,12,14
17:18:25,35,40,19,17
17:18:33,50,15,11,18
17:18:41,40,20,1,17
17:18:49,10,10,8,9
17:18:57,50,10,9,15
17:19:05,55,45,3,18
17:19:13,35,45,3,42
17:19:21,60,40,5,12
17:19:29,50,10,11,40
17:19:37,45,15,1,4
17:19:45,50,10,11,4
17:19:53,35,25,6,15
17:20:01,0,30,7,15
17:20:09,45,5,2,15
17:20:17,25,5,3,7
17:20:25,5,20,2,12
17:20:33,60,35,1,12
17:20:41,35,10,2,7
17:20:49,30,5,2,13
17:20:57,55,45,8,18
17:21:05,0,10,9,8
17:21:13,45,20,1,11
17:21:21,25,10,15,13
17:21:29,25,40,12,33
17:21:37,20,45,6,14
17:21:45,60,10,20,18
17:21:53,5,25,3,14
17:22:01,10,0,14,24
17:22:09,50,20,13,4
17:22:17,10,35,8,17
18:00:09,20,15,21,14
18:00:17,35,30,3,17
18:00:25,40,45,24,11
18:00:33,0,40,2,12
18:00:41,55,45,3,7
18:00:49,0,20,3,8
18:00:57,50,0,1,8
18:01:05,50,20,12,11
18:01:13,25,25,2,12
18:01:21,45,30,2,27
18:01:29,65,35,27,7
18:01:37,45,10,3,8
18:01:45,60,10,1,14
18:01:53,50,25,7,9
18:02:01,25,30,14,21
18:02:09,65,20,3,12
18:02:17,40,25,12,5
18:02:25,0,35,1,6
18:02:33,55,35,1,13
18:02:41,0,5,3,13
18:02:49,15,5,2,14
18:02:57,20,25,11,15
18:03:05,35,15,1,10
18:03:13,35,35,6,16
18:03:21,45,35,2,16
18:03:29,10,10,2,4
18:03:37,20,35,8,12
18:03:45,0,15,14,14
18:03:53,50,15,24,16
18:04:01,0,35,11,5
18:04:09,45,20,2,12
18:04:17,5,30,14,13
18:04:25,35,5,3,12
18:04:33,15,25,2,16
18:04:41,40,35,3,12
18:04:49,10,5,12,17
18:04:57,0,45,2,16
18:05:05,30,45,7,4
18:05:13,10,5,13,15
18:05:21,50,20,1,24
18:05:29,40,35,48,13
18:05:37,15,10,13,4
18:05:45,0,20,2,4
18:05:53,45,0,3,7
18:06:01,0,40,2,12
18:06:09,25,0,3,4
18:06:17,15,25,1,19
18:06:25,30,0,1,12
18:06:33,20,40,3,15
18:06:41,5,0,3,12
18:06:49,65,30,23,10
18:06:57,45,20,1,18
18:07:05,40,25,5,7
18:07:13,35,10,1,13
18:07:21,10,15,2,16
18:07:29,35,0,3,38
18:07:37,40,15,7,4
18:07:45,25,10,2,18
18:07:53,55,35,10,4
18:08:01,35,40,8,15
18:08:09,15,20,46,4
18:08:17,60,20,6,14
18:08:25,15,35,2,17
18:08:33,20,5,14,39
18:08:41,60,40,1,14
18:08:49,50,20,2,12
18:08:57,65,30,6,4
18:09:05,50,45,2,21
18:09:13,35,5,10,18
18:09:21,0,40,10,8
18:09:29,50,20,3,32
18:09:37,5,35,21,39
18:09:45,55,5,3,21
18:09:53,45,45,9,13
18:10:01,0,35,37,13
18:10:09,55,30,14,10
18:10:17,40,30,2,4
18:10:25,55,0,3,12
18:10:33,15,40,3,8
18:10:41,30,45,17,6
18:10:49,45,15,3,16
18:10:57,60,35,12,8
18:11:05,35,15,6,25
18:11:13,5,20,2,6
18:11:21,65,15,14,6
18:11:29,30,10,10,10
18:11:37,40,15,1,6
18:11:45,20,0,3,14
18:11:53,65,20,50,16
18:12:01,65,15,12,6
18:12:09,10,10,1,14
18:12:17,45,25,8,13
18:12:25,30,35,3,14
18:12:33,30,35,14,18
18:12:41,40,15,5,6
18:12:49,15,15,1,16
18:12:57,10,25,7,40
18:13:05,5,25,2,14
18:13:13,45,25,1,9
18:13:21,20,15,3,16
18:13:29,65,40,2,38
18:13:37,50,0,23,17
18:13:45,25,40,10,12
18:13:53,5,15,1,14
18:14:01,15,45,2,12
18:14:09,10,5,2,10
18:14:17,25,15,3,12
18:14:25,30,35,19,14
18:14:33,65,30,2,14
18:14:41,30,30,18,17
18:14:49,30,5,2,17
18:14:57,65,5,10,13
18:15:05,15,45,22,8
18:15:13,0,35,3,15
18:15:21,40,0,1,24
18:15:29,50,30,1,32
18:15:37,60,30,11,8
18:15:45,5,30,1,12
18:15:53,65,20,2,12
18:16:01,40,45,2,12
18:16:09,50,35,3,15
18:16:17,65,5,1,10
18:16:25,10,30,31,38
18:16:33,20,20,2,5
18:16:41,55,10,9,11
18:16:49,30,45,1,6
18:16:57,45,45,7,16
18:17:05,30,10,14,13
18:17:13,25,40,13,13
18:17:21,25,30,2,16
18:17:29,15,30,3,4
18:17:37,0,45,1,10
18:17:45,15,45,1,13
18:17:53,20,20,3,6
18:18:01,0,10,5,13
18:18:09,40,20,16,4
18:18:17,65,40,1,27
18:18:25,30,15,18,17
18:18:33,10,25,1,16
18:18:41,20,30,9,14
18:18:49,55,25,5,14
18:18:57,55,35,11,13
18:19:05,20,10,3,17
18:19:13,15,25,13,17
18:19:21,10,10,31,5
18:19:29,20,30,3,21
18:19:37,0,0,11,14
18:19:45,10,40,1,17
18:19:53,50,10,2,4
18:20:01,30,20,17,15
18:20:09,65,15,12,15
19:00:09,25,0,3,24
19:00:17,5,20,3,5
19:00:25,5,10,8,11
19:00:33,55,30,9,20
19:00:41,35,25,14,16
19:00:49,45,5,2,17
19:00:57,0,10,15,7
19:01:05,0,5,7,12
19:01:13,60,0,6,7
19:01:21,10,25,2,7
19:01:29,65,5,5,4
19:01:37,65,35,9,12
19:01:45,55,15,21,6
19:01:53,65,30,1,12
19:02:01,40,35,3,16
19:02:09,5,5,12,16
19:02:17,0,30,11,14
19:02:25,10,15,2,41
19:02:33,40,0,30,16
19:02:41,25,20,1,12
19:02:49,40,20,14,17
19:02:57,20,45,43,9
19:03:05,60,45,1,12
19:03:13,20,10,2,17
19:03:21,30,20,10,15
19:03:29,55,25,52,7
19:03:37,25,5,3,16
19:03:45,65,40,1,10
19:03:53,15,40,1,16
19:04:01,60,10,3,12
19:04:09,25,10,44,6
19:04:17,5,0,1,4
19:04:25,45,35,12,18
19:04:33,35,35,11,42
19:04:41,40,40,6,12
19:04:49,10,20,21,35
19:04:57,55,35,22,4
19:05:05,0,5,12,18
19:05:13,65,35,14,18
19:05:21,30,0,1,12
19:05:29,60,15,17,12
19:05:37,60,40,3,7
19:05:45,20,25,8,6
19:05:53,30,25,3,4
19:06:01,55,0,1,41
19:06:09,65,10,3,19
19:06:17,50,10,18,6
19:06:25,10,5,1,25
19:06:33,25,0,3,10
19:06:41,20,0,3,14
19:06:49,5,10,37,12
19:06:57,15,25,3,4
19:07:05,40,5,22,16
19:07:13,35,15,11,35
19:07:21,25,40,10,18
19:07:29,10,30,2,10
19:07:37,5,20,2,6
19:07:45,45,20,1,15
19:07:53,40,45,2,23
19:08:01,10,30,9,5
19:08:09,40,35,19,13
19:08:17,25,40,7,4
19:08:25,60,20,2,14
19:08:33,30,30,2,4
19:08:41,35,20,1,12
19:08:49,45,45,3,17
19:08:57,25,5,2,12
19:09:05,55,25,14,16
19:09:13,15,45,39,11
19:09:21,20,5,2,24
19:09:29,45,30,3,5
19:09:37,0,45,14,9
19:09:45,60,5,21,28
19:09:53,5,0,1,17
19:10:01,20,25,13,7
19:10:09,35,25,14,8
19:10:17,40,25,2,16
19:10:25,10,5,5,12
19:10:33,45,20,1,12
19:10:41,45,15,16,11
19:10:49,65,40,2,15
19:10:57,50,40,1,4
19:11:05,10,35,5,16
19:11:13,45,45,5,12
19:11:21,65,20,2,13
19:11:29,40,0,8,18
19:11:37,50,45,8,14
19:11:45,35,35,9,16
19:11:53,35,0,8,10
19:12:01,40,35,5,24
19:12:09,65,10,2,18
19:12:17,40,30,1,13
19:12:25,40,35,8,5
19:12:33,50,10,1,18
19:12:41,15,20,3,5
19:12:49,35,10,1,18
19:12:57,5,35,3,4
19:13:05,35,20,2,18
19:13:13,55,20,1,18
19:13:21,40,5,6,4
19:13:29,25,20,8,13
19:13:37,35,45,3,17
19:13:45,5,0,3,17
19:13:53,50,15,34,4
19:14:01,30,45,3,12
19:14:09,60,30,6,4
19:14:17,40,35,3,14
19:14:25,65,35,1,16
19:14:33,50,25,5,24
19:14:41,45,5,12,7
19:14:49,25,10,6,5
19:14:57,60,25,3,14
19:15:05,50,20,8,12
19:15:13,45,5,7,17
19:15:21,15,30,3,16
19:15:29,15,10,3,4
19:15:37,60,20,24,14
19:15:45,15,25,17,15
19:15:53,65,20,2,14
19:16:01,65,5,1,27
19:16:09,60,45,13,16
19:16:17,25,0,2,4
19:16:25,10,0,10,15
19:16:33,45,30,1,5
19:16:41,0,25,14,16
19:16:49,20,45,2,18
19:16:57,35,25,3,15
19:17:05,40,0,9,7
19:17:13,45,30,1,15
19:17:21,35,25,12,38
19:17:29,0,25,5,4
19:17:37,10,10,1,16
19:17:45,50,45,2,16
19:17:53,45,15,2,8
19:18:01,0,25,1,15
19:18:09,35,0,33,7
19:18:17,50,0,11,15
19:18:25,20,35,1,6
19:18:33,50,40,3,18
19:18:41,5,0,1,12
19:18:49,0,10,3,10
19:18:57,60,45,2,13
19:19:05,35,0,2,19
19:19:13,15,30,11,14
19:19:21,0,15,21,12
19:19:29,40,0,23,23
20:00:08,20,10,2,13
20:00:15,5,5,10,12
20:00:22,15,35,8,14
20:00:29,20,25,7,14
20:00:36,0,35,3,14
20:00:43,40,0,1,6
20:00:50,35,25,3,16
20:00:57,45,5,3,15
20:01:04,45,40,53,5
20:01:11,15,35,2,17
20:01:18,15,25,2,4
20:01:25,50,45,3,32
20:01:32,60,35,1,12
20:01:39,30,25,13,5
20:01:46,55,30,11,4
20:01:53,0,20,2,14
20:02:00,0,5,5,42
20:02:07,40,20,48,16
20:02:14,55,40,3,12
20:02:21,5,5,7,6
20:02:28,65,0,3,31
20:02:35,55,30,1,18
20:02:42,55,5,1,17
20:02:49,25,40,2,12
20:02:56,35,5,13,13
20:03:03,40,25,7,12
20:03:10,55,15,1,12
20:03:17,65,40,6,16
20:03:24,30,40,5,7
20:03:31,20,20,11,9
20:03:38,40,20,14,7
20:03:45,45,40,10,15
20:03:52,25,25,6,14
20:03:59,60,40,13,6
20:04:06,55,45,2,27
20:04:13,40,45,1,14
20:04:20,60,25,8,12
20:04:27,10,30,2,12
20:04:34,35,5,23,11
20:04:41,25,5,5,15
20:04:48,15,5,9,12
20:04:55,10,0,2,4
20:05:02,15,30,3,14
20:05:09,50,25,13,26
20:05:16,60,25,9,15
20:05:23,50,35,2,4
20:05:30,60,35,23,6
20:05:37,45,35,3,4
20:05:44,35,40,7,9
20:05:51,0,0,1,24
20:05:58,40,5,39,15
20:06:05,60,10,1,7
20:06:12,40,40,3,14
20:06:19,45,0,3,38
20:06:26,65,30,9,13
20:06:33,20,5,2,15
20:06:40,25,10,3,15
20:06:47,50,25,7,5
20:06:54,40,40,3,4
20:07:01,60,45,1,4
20:07:08,5,20,14,6
20:07:15,45,15,7,10
20:07:22,55,25,1,4
20:07:29,65,20,3,7
20:07:36,65,30,2,13
20:07:43,5,25,12,15
20:07:50,25,40,13,12
20:07:57,15,40,24,18
20:08:04,60,30,2,12
20:08:11,30,45,3,12
20:08:18,40,35,9,14
20:08:25,0,20,1,15
20:08:32,65,40,16,9
20:08:39,20,25,1,15
20:08:46,50,20,14,14
20:08:53,60,10,2,11
20:09:00,10,35,12,8
20:09:07,45,0,14,29
20:09:14,35,30,18,4
20:09:21,10,5,1,16
20:09:28,45,40,5,14
20:09:35,15,0,12,14
20:09:42,65,5,2,18
20:09:49,45,40,3,15
20:09:56,40,45,3,14
20:10:03,50,25,6,12
20:10:10,55,35,3,9
20:10:17,25,20,3,24
20:10:24,30,25,7,16
20:10:31,0,45,3,6
20:10:38,0,25,12,10
20:10:45,60,10,6,20
20:10:52,20,15,21,12
20:10:59,55,30,7,14
20:11:06,50,10,2,9
20:11:13,65,25,3,15
20:11:20,15,40,2,12
20:11:27,50,30,18,4
20:11:34,55,15,1,4
20:11:41,15,10,36,5
20:11:48,55,40,3,15
20:11:55,40,5,2,18
20:12:02,5,25,13,12
20:12:09,50,35,14,18
20:12:16,20,5,11,12
20:12:23,10,30,19,5
20:12:30,40,40,38,15
20:12:37,35,40,6,5
20:12:44,60,45,1,39
20:12:51,50,25,3,13
20:12:58,10,5,9,10
20:13:05,35,20,3,20
20:13:12,15,20,3,6
20:13:19,35,40,2,16
20:13:26,55,30,1,6
20:13:33,0,30,5,16
20:13:40,50,35,19,12
20:13:47,5,10,12,12
20:13:54,15,5,21,14
20:14:01,55,45,3,11
20:14:08,45,10,10,18
20:14:15,5,5,23,13
20:14:22,0,45,11,15
20:14:29,5,25,2,16
20:14:36,20,35,1,15
20:14:43,40,35,1,9
20:14:50,35,40,1,10
20:14:57,20,40,11,42
20:15:04,0,0,2,7
20:15:11,60,5,2,13
20:15:18,0,15,3,26
20:15:25,15,15,13,15
20:15:32,60,45,2,14
20:15:39,65,25,2,16
20:15:46,25,15,3,24
20:15:53,10,25,7,18
20:16:00,40,40,6,39
20:16:07,0,5,13,28
20:16:14,15,0,1,26
20:16:21,50,40,7,39
20:16:28,55,30,8,12
20:16:35,50,30,8,13
20:16:42,55,0,3,5
20:16:49,0,15,10,8
20:16:56,60,10,2,11
20:17:03,30,0,1,4
20:17:10,10,0,10,12
20:17:17,45,10,1,5
20:17:24,50,30,2,17
20:17:31,40,35,12,14
20:17:38,20,20,43,12
20:17:45,60,5,31,5
21:00:08,45,0,10,11
21:00:15,45,45,2,25
21:00:22,20,0,12,14
21:00:29,5,40,9,24
21:00:36,5,40,8,4
21:00:43,10,10,10,24
21:00:50,35,0,14,12
21:00:57,35,0,2,17
21:01:04,20,15,7,32
21:01:11,30,15,14,8
21:01:18,55,40,3,4
21:01:25,15,0,12,12
21:01:32,45,15,47,4
21:01:39,35,0,9,24
21:01:46,15,5,1,6
21:01:53,5,15,2,9
21:02:00,30,30,19,18
21:02:07,60,35,1,12
21:02:14,50,15,12,4
21:02:21,15,25,40,12
21:02:28,40,10,2,18
21:02:35,15,10,7,17
21:02:42,55,30,1,20
21:02:49,0,0,23,4
21:02:56,40,15,14,15
21:03:03,10,5,20,15
21:03:10,45,40,2,7
21:03:17,25,40,13,9
21:03:24,5,15,1,5
21:03:31,30,40,3,18
21:03:38,20,5,2,7
21:03:45,10,10,13,19
21:03:52,15,5,6,4
21:03:59,0,35,17,12
21:04:06,10,0,3,12
21:04:13,25,25,1,13
21:04:20,45,30,3,16
21:04:27,65,40,38,14
21:04:34,0,20,8,38
21:04:41,65,35,9,16
21:04:48,20,15,10,6
21:04:55,35,20,5,24
21:05:02,20,5,50,12
21:05:09,0,20,8,17
21:05:16,50,20,2,12
21:05:23,50,20,2,13
21:05:30,5,40,3,8
21:05:37,30,5,26,15
21:05:44,50,40,1,12
21:05:51,40,40,11,18
21:05:58,10,5,2,10
21:06:05,60,0,14,24
21:06:12,10,20,6,17
21:06:19,20,20,1,4
21:06:26,55,5,1,16
21:06:33,0,35,13,18
21:06:40,30,25,9,30
21:06:47,50,30,1,5
21:06:54,40,0,14,15
21:07:01,55,45,14,14
21:07:08,15,0,10,4
21:07:15,60,45,3,16
21:07:22,55,40,3,8
21:07:29,50,40,30,9
21:07:36,60,45,1,15
21:07:43,35,40,1,8
21:07:50,5,5,1,4
21:07:57,5,0,1,18
21:08:04,35,35,9,12
21:08:11,10,20,7,14
21:08:18,50,20,3,17
21:08:25,50,0,9,4
21:08:32,5,45,2,14
21:08:39,30,45,1,14
21:08:46,55,5,7,12
21:08:53,5,35,10,34
21:09:00,60,40,1,18
21:09:07,65,5,2,12
21:09:14,0,30,2,4
21:09:21,20,5,5,32
21:09:28,60,15,9,14
21:09:35,5,20,2,17
21:09:42,30,0,49,11
21:09:49,35,0,2,29
21:09:56,5,15,8,23
21:10:03,20,20,8,13
21:10:10,30,45,1,15
21:10:17,25,5,12,17
21:10:24,30,5,2,16
21:10:31,60,10,9,15
21:10:38,25,40,2,13
21:10:45,25,0,1,29
21:10:52,30,40,31,12
21:10:59,55,15,3,12
21:11:06,5,5,2,15
21:11:13,40,15,2,13
21:11:20,55,35,24,18
21:11:27,5,20,12,18
21:11:34,5,25,22,18
21:11:41,10,15,19,4
21:11:48,30,45,43,6
21:11:55,55,40,8,11
21:12:02,65,5,2,12
21:12:09,0,45,1,13
21:12:16,40,10,6,6
21:12:23,40,35,2,17
21:12:30,40,35,14,8
21:12:37,65,40,21,18
21:12:44,20,40,19,18
21:12:51,50,25,16,15
21:12:58,40,0,21,11
21:13:05,5,0,3,37
21:13:12,40,40,13,17
21:13:19,65,10,2,15
21:13:26,5,0,3,36
21:13:33,5,35,2,8
21:13:40,50,40,5,17
21:13:47,0,35,1,14
21:13:54,20,25,1,4
21:14:01,65,30,1,18
21:14:08,10,10,10,8
21:14:15,25,40,3,8
21:14:22,0,25,2,11
21:14:29,15,45,11,37
21:14:36,60,10,3,14
21:14:43,35,35,2,10
21:14:50,0,15,2,4
21:14:57,65,45,10,12
21:15:04,20,35,7,12
21:15:11,10,30,13,4
21:15:18,50,45,3,14
21:15:25,65,15,2,7
21:15:32,45,25,3,7
21:15:39,10,10,3,12
21:15:46,5,35,2,13
21:15:53,55,5,1,18
21:16:00,0,35,2,16
21:16:07,30,25,1,37
21:16:14,25,25,3,11
21:16:21,50,20,20,15
22:00:08,10,40,2,13
22:00:15,40,20,7,8
22:00:22,5,40,9,4
22:00:29,60,25,1,8
22:00:36,65,45,11,7
22:00:43,5,10,31,7
22:00:50,15,10,2,7
22:00:57,30,40,1,8
22:01:04,5,20,2,16
22:01:11,35,25,39,14
22:01:18,5,35,1,24
22:01:25,10,30,1,15
22:01:32,0,25,3,10
22:01:39,15,45,2,12
22:01:46,10,10,1,17
22:01:53,20,35,6,12
22:02:00,55,45,1,9
22:02:07,15,35,3,4
22:02:14,5,5,2,5
22:02:21,20,25,14,13
22:02:28,20,5,3,12
22:02:35,65,30,1,4
22:02:42,15,35,1,12
22:02:49,35,30,18,15
22:02:56,40,35,19,5
22:03:03,65,5,38,10
22:03:10,15,15,2,8
22:03:17,65,10,3,14
22:03:24,20,25,6,17
22:03:31,30,30,2,15
22:03:38,20,10,9,13
22:03:45,45,35,7,15
22:03:52,45,30,19,4
22:03:59,10,20,3,17
22:04:06,40,30,7,13
22:04:13,45,10,1,41
22:04:20,55,10,2,18
22:04:27,45,5,3,24
22:04:34,35,30,2,4
22:04:41,0,10,3,18
22:04:48,5,45,9,4
22:04:55,20,30,8,42
22:05:02,50,35,9,14
22:05:09,30,30,6,14
22:05:16,50,20,18,33
22:05:23,40,10,3,19
22:05:30,5,40,6,13
22:05:37,60,5,11,31
22:05:44,60,5,2,4
22:05:51,35,40,3,15
22:05:58,30,20,9,7
22:06:05,30,40,31,4
22:06:12,45,10,12,9
22:06:19,60,10,2,11
22:06:26,60,30,10,11
22:06:33,0,20,11,4
22:06:40,5,30,22,12
22:06:47,35,20,36,18
22:06:54,50,45,3,16
22:07:01,15,15,10,16
22:07:08,30,5,3,16
22:07:15,65,35,2,18
22:07:22,0,45,15,34
22:07:29,60,10,23,16
22:07:36,55,5,6,17
22:07:43,25,10,1,16
22:07:50,50,40,13,8
22:07:57,5,15,14,7
22:08:04,30,20,1,18
22:08:11,25,20,1,10
22:08:18,0,10,42,15
22:08:25,55,10,1,5
22:08:32,40,25,1,17
22:08:39,45,0,1,7
22:08:46,60,40,1,12
22:08:53,30,25,3,12
22:09:00,60,5,1,4
22:09:07,65,5,26,6
22:09:14,10,20,1,25
22:09:21,20,30,2,4
22:09:28,40,5,10,18
22:09:35,60,5,12,15
22:09:42,50,20,28,18
22:09:49,50,20,14,6
22:09:56,40,15,3,5
22:10:03,65,30,8,10
22:10:10,5,30,40,34
22:10:17,60,10,29,7
22:10:24,20,15,11,9
22:10:31,60,10,6,4
22:10:38,15,45,50,18
22:10:45,25,25,37,13
22:10:52,5,40,22,20
22:10:59,65,25,2,18
22:11:06,60,15,2,9
22:11:13,50,10,24,18
22:11:20,40,35,20,15
22:11:27,20,15,10,14
22:11:34,15,15,2,4
22:11:41,25,5,1,12
22:11:48,10,25,11,7
22:11:55,45,20,1,13
22:12:02,15,35,1,16
22:12:09,45,25,3,4
22:12:16,0,15,3,15
22:12:23,15,5,23,37
22:12:30,5,45,52,7
22:12:37,50,35,2,17
22:12:44,50,20,3,16
22:12:51,10,5,10,12
22:12:58,35,0,3,17
22:13:05,35,35,8,18
22:13:12,0,35,11,13
22:13:19,65,20,1,4
22:13:26,0,45,44,12
22:13:33,5,0,3,16
22:13:40,10,40,11,15
22:13:47,5,45,10,20
22:13:54,50,0,7,5
22:14:01,25,40,14,5
22:14:08,10,35,13,12
22:14:15,10,5,8,16
23:00:08,30,35,23,8
23:00:15,5,35,5,4
23:00:22,5,10,31,12
23:00:29,50,25,10,24
23:00:36,5,20,1,9
23:00:43,10,15,6,12
23:00:50,55,15,23,15
23:00:57,5,15,2,12
23:01:04,35,10,9,4
23:01:11,5,20,3,13
23:01:18,20,35,2,14
23:01:25,50,30,11,4
23:01:32,30,40,2,15
23:01:39,55,20,13,12
23:01:46,65,40,8,7
23:01:53,10,20,1,16
23:02:00,30,10,3,9
23:02:07,35,0,6,17
23:02:14,45,5,11,7
23:02:21,50,5,8,9
23:02:28,25,15,1,12
23:02:35,60,0,1,12
23:02:42,45,45,2,11
23:02:49,20,0,6,16
23:02:56,15,25,12,12
23:03:03,10,0,3,13
23:03:10,45,5,5,7
23:03:17,55,5,7,32
23:03:24,40,40,13,16
23:03:31,30,40,13,23
23:03:38,30,5,3,7
23:03:45,30,40,3,15
23:03:52,40,20,9,4
23:03:59,35,20,7,6
23:04:06,45,35,3,40
23:04:13,10,40,10,9
23:04:20,15,15,7,16
23:04:27,10,45,21,4
23:04:34,30,25,1,10
23:04:41,60,45,24,4
23:04:48,55,10,3,12
23:04:55,15,0,6,10
23:05:02,40,35,3,16
23:05:09,30,20,11,5
23:05:16,35,40,11,17
23:05:23,10,20,1,17
23:05:30,50,5,8,17
23:05:37,35,30,10,8
23:05:44,20,20,47,6
23:05:51,60,30,1,6
23:05:58,10,5,3,18
23:06:05,25,25,1,13
23:06:12,15,40,11,29
23:06:19,30,10,18,22
23:06:26,55,20,18,14
23:06:33,45,35,3,5
23:06:40,45,45,7,8
23:06:47,40,35,3,18
23:06:54,45,25,2,17
23:07:01,55,25,3,16
23:07:08,55,10,1,5
23:07:15,40,45,5,14
23:07:22,40,25,3,9
23:07:29,25,25,23,5
23:07:36,10,45,5,14
23:07:43,40,20,1,10
23:07:50,30,5,3,7
23:07:57,30,25,10,12
23:08:04,45,0,24,18
23:08:11,30,40,9,26
23:08:18,60,40,1,14
23:08:25,50,40,22,4
23:08:32,10,10,12,14
23:08:39,50,10,1,14
23:08:46,10,45,13,6
23:08:53,65,45,2,14
23:09:00,25,45,3,9
23:09:07,30,30,15,10
23:09:14,40,45,13,13
23:09:21,55,30,9,4
23:09:28,45,20,5,24
23:09:35,50,25,2,17
23:09:42,25,35,7,11
23:09:49,45,35,1,4
23:09:56,60,20,3,12
23:10:03,50,0,13,18
23:10:10,60,25,2,9
23:10:17,40,25,13,18
23:10:24,50,15,2,17
23:10:31,45,15,23,6
23:10:38,0,40,1,9
23:10:45,20,20,1,7
23:10:52,20,5,2,15
23:10:59,20,45,7,14
23:11:06,35,10,1,16
23:11:13,35,25,3,13
23:11:20,55,25,2,4
23:11:27,60,25,17,11
23:11:34,5,40,20,10
23:11:41,65,15,6,41
23:11:48,60,0,11,14
23:11:55,65,45,15,15
23:12:02,5,45,13,8
23:12:09,55,15,3,12
23:12:16,35,0,1,15
23:12:23,60,0,8,16
23:12:30,20,45,2,13
23:12:37,30,30,2,16
23:12:44,10,0,3,13
23:12:51,40,35,1,16
23:12:58,50,45,3,18
23:13:05,10,0,31,4
23:13:12,30,45,1,12
23:13:19,55,40,6,12
23:13:26,20,35,1,12
23:13:33,35,5,3,12
23:13:40,60,30,2,7
23:13:47,50,35,6,4
23:13:54,50,30,1,12
23:14:01,50,35,2,8
23:14:08,50,0,2,14
23:14:15,15,25,1,4
23:14:22,40,40,7,8
23:14:29,15,0,14,17
23:14:36,20,20,23,8
23:14:43,20,15,7,12
23:14:50,35,10,15,8
23:14:57,60,40,1,8
23:15:04,10,10,1,5
23:15:11,25,30,2,5
23:15:18,40,5,9,6
23:15:25,35,30,1,17
23:15:32,10,20,14,14
23:15:39,45,20,11,17
23:15:46,60,15,2,15
23:15:53,20,25,2,14
23:16:00,50,45,2,12
23:16:07,15,45,2,39
23:16:14,40,10,2,7
23:16:21,35,5,1,15
23:16:28,40,40,16,15
23:16:35,50,10,1,14
23:16:42,55,35,1,16
23:16:49,55,45,54,17
23:16:56,45,40,3,4
23:17:03,5,45,7,16
23:17:10,60,15,3,12
23:17:17,25,15,5,16
23:17:24,45,40,1,14
23:17:31,35,40,8,15
23:17:38,40,40,2,26
23:17:45,20,5,18,12
23:17:52,0,35,2,4
23:17:59,30,0,3,11
23:18:06,30,45,10,16
23:18:13,5,0,11,10
23:18:20,65,35,1,8
23:18:27,55,20,1,13
23:18:34,35,25,6,17
23:18:41,20,20,8,10
23:18:48,15,15,2,17
23:18:55,15,35,5,8
23:19:02,40,30,35,38
23:19:09,30,5,3,10
23:19:16,45,10,2,14
23:19:23,60,10,10,16
24:00:08,15,20,9,7
24:00:15,30,40,8,18
24:00:22,60,15,3,9
24:00:29,65,10,1,9
24:00:36,30,20,20,12
24:00:43,50,40,10,31
24:00:50,20,25,3,18
24:00:57,5,30,10,17
24:01:04,15,0,6,13
24:01:11,20,20,3,21
24:01:18,45,45,1,14
24:01:25,40,25,20,16
24:01:32,20,35,2,16
24:01:39,55,35,2,8
24:01:46,0,25,12,4
24:01:53,15,40,7,17
24:02:00,55,35,2,14
24:02:07,15,15,12,17
24:02:14,0,0,3,41
24:02:21,15,0,1,13
24:02:28,35,10,1,4
24:02:35,40,15,2,37
24:02:42,55,25,5,11
24:02:49,60,35,1,5
24:02:56,35,30,1,16
24:03:03,40,35,32,18
24:03:10,40,10,6,14
24:03:17,5,5,3,13
24:03:24,0,40,25,11
24:03:31,10,5,3,24
24:03:38,45,15,10,14
24:03:45,60,40,1,14
24:03:52,25,20,14,16
24:03:59,55,5,1,9
24:04:06,25,20,17,15
24:04:13,0,15,9,14
24:04:20,45,10,5,18
24:04:27,60,30,1,12
24:04:34,5,15,2,10
24:04:41,45,45,3,6
24:04:48,50,5,2,16
24:04:55,10,45,15,14
24:05:02,5,40,3,18
24:05:09,60,25,22,18
24:05:16,50,10,1,14
24:05:23,60,15,1,15
24:05:30,30,10,12,18
24:05:37,55,10,2,18
24:05:44,35,25,2,11
24:05:51,55,15,10,7
24:05:58,45,25,3,4
24:06:05,50,10,1,4
24:06:12,20,15,3,12
24:06:19,35,15,1,12
24:06:26,30,5,5,16
24:06:33,0,30,5,24
24:06:40,50,15,2,17
24:06:47,10,30,1,9
24:06:54,55,35,1,15
24:07:01,35,35,3,12
24:07:08,60,10,6,4
24:07:15,30,35,12,4
24:07:22,65,0,2,20
24:07:29,10,40,3,13
24:07:36,55,0,1,18
24:07:43,65,5,1,16
24:07:50,20,15,8,4
24:07:57,5,35,12,13
24:08:04,10,0,2,14
24:08:11,20,10,13,16
24:08:18,10,35,1,12
24:08:25,0,15,2,16
24:08:32,10,45,1,18
24:08:39,10,45,14,15
24:08:46,10,0,8,5
24:08:53,60,20,54,12
24:09:00,0,10,2,28
24:09:07,35,0,22,16
24:09:14,65,35,18,16
24:09:21,40,20,9,10
24:09:28,25,15,13,16
24:09:35,20,0,13,12
24:09:42,30,15,3,9
24:09:49,5,5,1,12
24:09:56,55,45,2,18
24:10:03,5,10,1,14
24:10:10,5,30,13,6
24:10:17,20,45,2,27
24:10:24,50,25,3,8
24:10:31,40,45,10,6
24:10:38,20,0,2,10
24:10:45,40,10,1,13
24:10:52,55,10,1,8
24:10:59,55,45,10,16
24:11:06,25,30,1,18
24:11:13,45,40,13,13
24:11:20,20,15,3,18
24:11:27,20,10,1,16
24:11:34,25,0,5,16
24:11:41,60,5,2,4
24:11:48,20,25,20,4
24:11:55,40,10,12,11
24:12:02,65,20,20,12
24:12:09,0,15,3,4
24:12:16,35,40,1,12
24:12:23,60,40,23,9
24:12:30,60,5,1,16
24:12:37,55,0,21,12
24:12:44,30,25,5,17
24:12:51,65,15,2,13
24:12:58,10,45,8,5
24:13:05,55,30,3,17
24:13:12,5,25,2,15
24:13:19,10,5,13,4
24:13:26,0,30,1,7
24:13:33,55,10,8,18
24:13:40,25,40,1,15
24:13:47,0,5,6,12
24:13:54,50,40,1,17
24:14:01,55,20,1,12
24:14:08,35,25,26,10
24:14:15,5,25,5,9
24:14:22,0,40,9,18
24:14:29,10,35,2,15
24:14:36,15,10,18,16
24:14:43,5,40,1,13
24:14:50,25,5,14,15
24:14:57,0,10,2,17
24:15:04,40,0,1,8
24:15:11,40,5,21,11
24:15:18,25,20,40,15
24:15:25,30,30,8,5
24:15:32,5,5,9,26
24:15:39,60,35,23,8
24:15:46,20,40,1,12
24:15:53,5,25,1,11
24:16:00,0,45,12,9
24:16:07,45,20,1,15
24:16:14,50,45,8,11
24:16:21,5,30,8,38
24:16:28,40,30,3,14
24:16:35,10,15,3,17
24:16:42,35,35,1,7
24:16:49,50,45,2,40
24:16:56,60,35,11,18
24:17:03,10,40,2,18
24:17:10,60,15,3,17
24:17:17,65,40,19,18
24:17:24,45,40,3,7
24:17:31,60,20,2,17
24:17:38,20,15,6,13
24:17:45,15,5,5,18
24:17:52,45,30,3,7
24:17:59,55,15,2,4
24:18:06,20,20,14,5
24:18:13,60,15,3,14
24:18:20,20,45,9,24
24:18:27,25,30,1,17
24:18:34,20,0,13,16
24:18:41,40,30,18,15
24:18:48,55,15,5,36
24:18:55,0,45,20,9
24:19:02,40,45,13,12
24:19:09,10,15,3,25
24:19:16,40,30,10,12
24:19:23,15,10,1,6
24:19:30,55,15,1,14
24:19:37,5,5,3,13
24:19:44,15,40,7,4
24:19:51,35,25,24,12
24:19:58,20,0,3,7
24:20:05,25,0,1,36
24:20:12,60,45,9,42
24:20:19,30,5,3,11
24:20:26,0,45,17,39
24:20:33,65,5,16,11
25:00:08,60,30,1,12
25:00:15,60,25,12,4
25:00:22,25,10,11,8
25:00:29,55,25,21,17
25:00:36,60,5,2,14
25:00:43,35,0,24,10
25:00:50,40,5,12,15
25:00:57,0,20,9,15
25:01:04,55,30,3,16
25:01:11,30,45,11,12
25:01:18,20,10,2,14
25:01:25,0,15,12,4
25:01:32,65,40,3,40
25:01:39,45,35,14,32
25:01:46,10,45,2,15
25:01:53,30,45,2,5
25:02:00,10,10,6,4
25:02:07,45,15,1,13
25:02:14,20,40,3,14
25:02:21,10,30,2,7
25:02:28,5,0,6,14
25:02:35,20,20,6,12
25:02:42,10,35,7,16
25:02:49,50,45,13,6
25:02:56,60,5,2,17
25:03:03,5,20,9,6
25:03:10,35,0,5,16
25:03:17,20,10,14,12
25:03:24,55,5,2,5
25:03:31,30,5,24,5
25:03:38,35,10,52,24
25:03:45,0,35,9,19
25:03:52,5,45,2,11
25:03:59,55,25,3,18
25:04:06,20,20,2,14
25:04:13,20,30,3,22
25:04:20,10,30,6,9
25:04:27,45,35,3,4
25:04:34,5,40,2,16
25:04:41,65,25,11,12
25:04:48,65,25,3,15
25:04:55,45,35,1,15
25:05:02,0,45,12,15
25:05:09,45,45,24,15
25:05:16,40,10,3,10
25:05:23,20,10,5,4
25:05:30,20,0,1,9
25:05:37,15,30,2,16
25:05:44,35,25,3,15
25:05:51,25,30,23,5
25:05:58,60,25,13,9
25:06:05,55,20,1,12
25:06:12,10,15,11,10
25:06:19,60,0,2,4
25:06:26,20,20,2,5
25:06:33,45,15,8,17
25:06:40,50,0,3,11
25:06:47,45,40,8,15
25:06:54,35,15,6,16
25:07:01,40,40,2,9
25:07:08,55,45,3,42
25:07:15,65,0,2,14
25:07:22,5,20,8,4
25:07:29,10,0,2,12
25:07:36,30,15,1,7
25:07:43,35,45,2,36
25:07:50,5,25,10,4
25:07:57,50,20,2,6
25:08:04,0,15,7,13
25:08:11,25,30,6,30
25:08:18,50,30,53,10
25:08:25,60,0,3,10
25:08:32,55,10,2,14
25:08:39,10,45,3,16
25:08:46,50,30,18,15
25:08:53,20,45,1,5
25:09:00,10,45,3,4
25:09:07,15,35,3,24
25:09:14,60,35,1,4
25:09:21,30,35,3,16
25:09:28,55,20,3,14
25:09:35,0,35,1,13
25:09:42,65,10,12,4
25:09:49,45,10,2,15
25:09:56,45,25,2,11
25:10:03,30,35,15,4
25:10:10,10,25,3,11
25:10:17,30,45,42,14
25:10:24,15,25,10,14
25:10:31,35,35,14,5
25:10:38,10,40,48,15
25:10:45,30,25,11,17
25:10:52,65,40,24,24
25:10:59,30,25,13,4
25:11:06,15,30,13,4
25:11:13,60,35,21,24
25:11:20,60,20,8,15
25:11:27,10,5,1,7
25:11:34,15,0,13,17
25:11:41,30,45,2,41
25:11:48,0,10,1,24
25:11:55,15,25,8,10
25:12:02,0,25,18,11
25:12:09,20,40,2,4
25:12:16,60,30,1,8
25:12:23,45,45,2,8
25:12:30,55,5,12,18
25:12:37,50,10,2,18
25:12:44,15,0,1,4
25:12:51,55,30,1,8
25:12:58,20,20,11,14
25:13:05,50,30,11,17
25:13:12,35,5,19,4
25:13:19,55,5,10,8
25:13:26,40,35,3,5
25:13:33,35,25,2,18
25:13:40,30,5,7,8
25:13:47,20,15,1,35
25:13:54,40,0,2,15
25:14:01,55,15,3,4
25:14:08,5,10,3,14
25:14:15,60,5,9,4
25:14:22,15,10,13,11
25:14:29,60,15,14,16
25:14:36,30,45,23,17
25:14:43,50,30,1,12
25:14:50,30,35,24,9
25:14:57,55,5,2,13
25:15:04,20,15,8,18
25:15:11,10,10,1,13
25:15:18,0,25,8,6
25:15:25,35,20,14,15
25:15:32,65,45,2,18
25:15:39,35,0,3,12
25:15:46,65,30,8,7
25:15:53,20,30,5,5
25:16:00,40,45,9,5
25:16:07,45,40,3,8
25:16:14,60,20,8,12
25:16:21,30,0,13,4
25:16:28,40,15,3,9
25:16:35,50,5,5,11
25:16:42,25,0,2,18
25:16:49,5,10,15,18
25:16:56,0,45,3,6
25:17:03,20,10,1,10
25:17:10,30,35,2,13
25:17:17,0,35,11,4
25:17:24,65,35,24,25
25:17:31,60,15,8,14
25:17:38,40,35,2,4
25:17:45,40,30,13,13
25:17:52,60,25,3,11
25:17:59,40,35,1,8
25:18:06,25,25,12,32
25:18:13,60,40,50,31
26:00:08,60,5,1,15
26:00:15,30,20,13,10
26:00:22,25,15,21,8
26:00:29,40,10,5,18
26:00:36,20,45,2,20
26:00:43,60,15,10,13
26:00:50,25,0,2,12
26:00:57,60,30,9,8
26:01:04,0,35,9,5
26:01:11,5,40,1,32
26:01:18,50,15,3,17
26:01:25,35,45,10,4
26:01:32,35,35,5,17
26:01:39,20,5,1,10
26:01:46,65,30,3,12
26:01:53,5,15,3,13
26:02:00,20,30,1,11
26:02:07,10,40,11,4
26:02:14,10,0,24,16
26:02:21,60,5,43,13
26:02:28,50,25,1,4
26:02:35,10,10,2,17
26:02:42,30,25,14,7
26:02:49,0,20,1,5
26:02:56,0,15,2,17
26:03:03,60,5,30,17
26:03:10,10,20,14,13
26:03:17,40,15,51,4
26:03:24,40,40,13,15
26:03:31,45,5,10,16
26:03:38,65,35,11,24
26:03:45,35,45,7,5
26:03:52,0,10,14,6
26:03:59,65,15,2,12
26:04:06,40,25,2,12
26:04:13,20,15,20,13
26:04:20,0,20,15,21
26:04:27,5,40,1,13
26:04:34,65,15,6,4
26:04:41,65,20,10,18
26:04:48,5,0,11,7
26:04:55,30,35,3,25
26:05:02,50,25,7,33
26:05:09,15,30,2,16
26:05:16,50,10,3,18
26:05:23,65,5,13,12
26:05:30,40,25,2,11
26:05:37,10,25,3,10
26:05:44,30,30,5,13
26:05:51,60,15,20,16
26:05:58,25,15,3,4
26:06:05,25,5,6,13
26:06:12,0,5,2,13
26:06:19,45,5,7,7
26:06:26,40,10,6,12
26:06:33,25,20,2,15
26:06:40,0,10,9,4
26:06:47,20,20,12,17
26:06:54,35,25,1,4
26:07:01,60,20,1,13
26:07:08,45,40,31,15
26:07:15,10,0,2,12
26:07:22,20,40,18,12
26:07:29,55,45,3,4
26:07:36,35,20,3,24
26:07:43,60,5,1,17
26:07:50,25,0,5,12
26:07:57,50,0,3,13
26:08:04,10,5,14,9
26:08:11,60,25,14,27
26:08:18,25,10,3,18
26:08:25,40,35,2,7
26:08:32,30,20,9,18
26:08:39,45,35,18,17
26:08:46,25,45,10,4
26:08:53,65,15,18,16
26:09:00,60,5,5,11
26:09:07,45,15,6,9
26:09:14,40,40,3,15
26:09:21,35,25,7,15
26:09:28,20,40,11,41
26:09:35,25,45,2,4
26:09:42,0,5,7,18
26:09:49,35,20,2,13
26:09:56,15,25,7,16
26:10:03,5,25,11,13
26:10:10,10,20,3,7
26:10:17,55,30,1,12
26:10:24,65,35,20,12
26:10:31,25,15,2,5
26:10:38,20,30,8,15
26:10:45,0,40,13,14
26:10:52,20,0,9,7
26:10:59,10,0,26,16
26:11:06,45,15,14,37
26:11:13,5,15,3,13
26:11:20,15,30,2,9
26:11:27,35,0,2,8
26:11:34,0,20,3,11
26:11:41,55,45,2,18
26:11:48,35,40,1,18
26:11:55,40,30,3,5
26:12:02,0,45,3,13
26:12:09,0,45,2,29
26:12:16,60,40,9,13
26:12:23,15,25,9,6
26:12:30,40,40,9,12
26:12:37,40,10,17,8
26:12:44,55,35,1,11
26:12:51,65,30,2,4
26:12:58,15,0,9,4
26:13:05,55,20,12,13
26:13:12,0,25,9,18
26:13:19,25,10,16,13
26:13:26,60,40,13,6
26:13:33,50,0,11,12
26:13:40,25,35,1,24
26:13:47,55,5,22,6
26:13:54,55,30,1,17
26:14:01,55,40,22,8
26:14:08,10,45,31,7
26:14:15,20,45,1,12
26:14:22,20,40,16,24
26:14:29,40,10,28,13
26:14:36,35,0,14,6
26:14:43,5,5,3,14
26:14:50,60,20,24,42
26:14:57,45,15,5,14
26:15:04,5,45,10,4
26:15:11,45,40,51,18
26:15:18,35,15,9,4
26:15:25,10,20,13,15
26:15:32,50,5,14,21
26:15:39,55,0,2,4
26:15:46,45,5,1,16
26:15:53,15,35,2,15
26:16:00,40,25,6,4
26:16:07,0,20,7,5
26:16:14,50,25,16,24
26:16:21,60,45,6,24
26:16:28,5,30,13,17
26:16:35,5,20,2,8
26:16:42,20,40,11,13
26:16:49,10,20,1,9
27:00:08,15,15,6,6
27:00:15,40,10,14,12
27:00:22,65,45,2,4
27:00:29,25,10,3,14
27:00:36,5,40,12,17
27:00:43,5,45,2,13
27:00:50,55,30,3,8
27:00:57,15,10,3,12
27:01:04,30,40,1,4
27:01:11,30,30,21,8
27:01:18,35,35,5,14
27:01:25,35,35,24,6
27:01:32,30,0,2,13
27:01:39,50,0,5,15
27:01:46,15,15,18,16
27:01:53,45,0,2,17
27:02:00,0,20,26,18
27:02:07,15,35,23,16
27:02:14,55,35,14,14
27:02:21,30,45,1,13
27:02:28,5,25,2,21
27:02:35,20,25,45,12
27:02:42,40,20,19,5
27:02:49,45,25,6,24
27:02:56,0,10,1,5
27:03:03,10,0,1,14
27:03:10,60,40,2,15
27:03:17,40,5,1,14
27:03:24,25,25,2,12
27:03:31,20,45,6,4
27:03:38,30,10,15,18
27:03:45,45,40,2,8
27:03:52,50,20,6,13
27:03:59,40,10,8,17
27:04:06,60,25,11,15
27:04:13,20,20,11,13
27:04:20,15,20,6,14
27:04:27,5,20,8,9
27:04:34,10,25,19,17
27:04:41,65,5,2,15
27:04:48,25,40,1,18
27:04:55,65,15,2,4
27:05:02,50,30,20,12
27:05:09,10,20,12,12
27:05:16,65,45,2,14
27:05:23,35,30,8,23
27:05:30,50,45,11,4
27:05:37,50,35,2,5
27:05:44,55,5,3,16
27:05:51,10,10,3,17
27:05:58,50,40,5,34
27:06:05,10,0,22,6
27:06:12,10,45,19,18
27:06:19,50,15,6,13
27:06:26,0,5,24,18
27:06:33,45,15,13,4
27:06:40,35,10,3,15
27:06:47,55,10,12,13
27:06:54,45,20,1,18
27:07:01,30,30,3,4
27:07:08,0,30,2,12
27:07:15,15,40,10,15
27:07:22,10,45,8,22
27:07:29,30,35,3,13
27:07:36,35,30,3,18
27:07:43,20,10,3,9
27:07:50,50,25,2,18
27:07:57,45,35,2,17
27:08:04,40,20,42,4
27:08:11,30,10,2,18
27:08:18,50,35,2,10
27:08:25,5,0,11,12
27:08:32,25,25,2,12
27:08:39,20,5,3,12
27:08:46,0,0,21,18
27:08:53,60,10,13,7
27:09:00,55,45,12,23
27:09:07,40,35,3,17
27:09:14,60,20,47,4
27:09:21,15,40,21,14
27:09:28,10,20,11,12
27:09:35,40,35,15,15
27:09:42,10,15,3,36
27:09:49,55,35,5,14
27:09:56,50,15,6,8
27:10:03,25,25,5,16
27:10:10,55,40,1,4
27:10:17,10,40,8,9
27:10:24,5,35,2,22
27:10:31,35,10,3,6
27:10:38,0,10,10,15
27:10:45,45,30,2,37
27:10:52,60,30,3,9
27:10:59,55,0,2,12
27:11:06,50,15,11,16
27:11:13,25,25,3,17
27:11:20,5,45,2,6
27:11:27,25,0,3,18
27:11:34,55,20,2,13
27:11:41,25,25,6,13
27:11:48,50,40,1,15
27:11:55,35,10,1,12
27:12:02,60,40,5,17
27:12:09,60,45,5,14
27:12:16,25,0,6,9
27:12:23,0,25,12,18
27:12:30,15,20,3,13
27:12:37,50,10,5,4
27:12:44,25,10,2,13
27:12:51,55,35,14,11
27:12:58,25,15,14,16
27:13:05,55,10,24,18
27:13:12,35,40,7,15
27:13:19,10,30,1,13
27:13:26,50,10,10,7
27:13:33,5,5,3,13
27:13:40,65,20,8,18
27:13:47,55,15,17,12
27:13:54,5,0,2,17
27:14:01,25,35,9,18
27:14:08,65,20,2,38
27:14:15,40,30,6,31
27:14:22,65,30,2,13
27:14:29,50,40,2,24
27:14:36,30,0,19,15
27:14:43,35,5,3,9
27:14:50,65,40,5,34
27:14:57,0,35,11,9
27:15:04,15,30,1,11
27:15:11,5,20,28,14
27:15:18,30,30,2,17
27:15:25,0,10,8,21
27:15:32,40,45,1,11
27:15:39,35,35,9,11
27:15:46,25,5,21,14
27:15:53,35,0,3,13
27:16:00,25,40,5,13
27:16:07,60,0,13,15
27:16:14,15,10,2,18
27:16:21,35,15,3,8
27:16:28,10,45,14,26
27:16:35,60,5,10,39
27:16:42,15,35,22,6
27:16:49,55,25,3,37
27:16:56,65,25,1,8
27:17:03,5,15,19,24
27:17:10,55,45,1,9
27:17:17,50,25,2,14
27:17:24,30,40,11,18
27:17:31,0,5,11,5
27:17:38,55,30,6,16
27:17:45,60,0,10,15
27:17:52,15,45,2,18
27:17:59,65,0,2,17
27:18:06,50,30,3,40
27:18:13,25,25,8,17
27:18:20,5,25,22,17
27:18:27,60,40,5,24
27:18:34,50,5,12,12
27:18:41,55,20,2,4
27:18:48,30,30,6,15
27:18:55,60,10,2,13
27:19:02,20,20,3,13
28:00:08,15,25,9,17
28:00:15,60,10,2,18
28:00:22,45,5,2,4
28:00:29,20,5,1,7
28:00:36,50,30,2,14
28:00:43,55,25,1,4
28:00:50,5,40,2,14
28:00:57,40,25,3,4
28:01:04,55,15,5,16
28:01:11,55,45,3,7
28:01:18,15,35,9,9
28:01:25,55,45,13,4
28:01:32,5,35,18,11
28:01:39,0,20,46,7
28:01:46,0,5,8,9
28:01:53,35,5,12,10
28:02:00,60,10,1,32
28:02:07,20,35,1,9
28:02:14,50,45,6,7
28:02:21,40,15,8,14
28:02:28,35,5,3,12
28:02:35,45,25,1,24
28:02:42,20,30,1,14
28:02:49,50,25,10,9
28:02:56,30,0,20,33
28:03:03,55,45,9,5
28:03:10,60,0,12,12
28:03:17,10,10,3,14
28:03:24,10,40,51,13
28:03:31,5,20,20,13
28:03:38,25,10,9,15
28:03:45,10,5,34,16
28:03:52,35,10,3,12
28:03:59,40,15,2,18
28:04:06,35,45,9,12
28:04:13,45,40,2,41
28:04:20,55,35,1,6
28:04:27,40,5,12,24
28:04:34,55,25,2,16
28:04:41,35,20,12,14
28:04:48,5,45,7,18
28:04:55,0,10,14,29
28:05:02,10,30,12,18
28:05:09,50,40,39,10
28:05:16,50,10,25,26
28:05:23,30,30,29,4
28:05:30,5,45,1,15
28:05:37,35,30,41,16
28:05:44,20,25,2,35
28:05:51,30,5,13,11
28:05:58,10,15,3,6
28:06:05,50,25,14,15
28:06:12,15,25,21,32
28:06:19,20,15,42,13
28:06:26,30,5,10,17
28:06:33,15,5,2,14
28:06:40,50,45,10,18
28:06:47,20,35,24,4
28:06:54,30,40,8,14
28:07:01,65,20,25,5
28:07:08,65,20,1,10
28:07:15,10,35,9,6
28:07:22,25,20,2,8
28:07:29,60,45,2,12
28:07:36,50,5,3,12
28:07:43,40,35,5,7
28:07:50,10,10,3,15
28:07:57,5,30,25,4
28:08:04,35,35,23,4
28:08:11,65,15,1,15
28:08:18,5,30,24,12
28:08:25,50,40,8,17
28:08:32,25,0,21,13
28:08:39,30,15,3,12
28:08:46,60,40,10,17
28:08:53,45,35,3,11
28:09:00,30,35,1,13
28:09:07,50,5,14,4
28:09:14,0,15,1,5
28:09:21,15,45,1,8
28:09:28,0,35,8,12
28:09:35,25,10,6,14
28:09:42,60,5,1,4
28:09:49,60,25,1,18
28:09:56,40,30,3,12
28:10:03,45,40,12,7
28:10:10,55,40,13,5
28:10:17,45,20,14,17
28:10:24,45,30,8,18
28:10:31,20,40,11,10
28:10:38,40,0,8,12
28:10:45,15,5,2,13
28:10:52,15,20,5,5
28:10:59,5,25,13,4
28:11:06,50,15,20,8
28:11:13,50,30,3,15
28:11:20,25,5,9,17
28:11:27,50,45,23,18
28:11:34,40,25,3,12
28:11:41,35,40,7,5
28:11:48,60,10,8,12
28:11:55,5,40,20,12
28:12:02,5,5,5,4
28:12:09,25,5,1,14
28:12:16,60,30,6,18
28:12:23,0,0,3,4
28:12:30,50,40,11,4
28:12:37,60,40,14,18
28:12:44,0,35,14,8
28:12:51,15,25,3,16
28:12:58,50,40,8,18
28:13:05,60,35,1,18
28:13:12,50,20,2,18
28:13:19,20,5,2,10
28:13:26,30,40,13,4
28:13:33,0,20,13,6
28:13:40,60,5,2,12
28:13:47,30,40,1,12
28:13:54,30,20,2,10
28:14:01,45,25,2,13
28:14:08,0,5,8,14
28:14:15,50,20,23,4
28:14:22,65,15,6,27
28:14:29,20,10,9,12
28:14:36,50,10,1,18
28:14:43,55,40,3,4
28:14:50,20,30,5,10
28:14:57,5,25,1,12
28:15:04,30,40,13,4
28:15:11,10,25,16,14
28:15:18,30,40,3,14
28:15:25,60,15,3,14
28:15:32,25,10,5,12
28:15:39,25,15,9,12
28:15:46,5,30,13,16
28:15:53,0,20,1,15
28:16:00,55,45,3,6
28:16:07,60,45,19,7
28:16:14,65,5,3,40
28:16:21,0,35,16,15
28:16:28,20,45,6,26
29:00:08,40,40,21,40
29:00:15,65,30,9,35
29:00:22,25,30,1,24
29:00:29,65,5,2,7
29:00:36,5,15,10,18
29:00:43,25,0,10,9
29:00:50,60,25,6,12
29:00:57,20,45,13,14
29:01:04,65,0,19,4
29:01:11,50,40,3,10
29:01:18,25,20,21,12
29:01:25,65,35,6,17
29:01:32,55,45,23,18
29:01:39,60,10,1,6
29:01:46,5,35,2,11
29:01:53,5,0,2,7
29:02:00,10,20,2,7
29:02:07,0,35,19,16
29:02:14,35,5,1,16
29:02:21,45,35,2,17
29:02:28,50,25,3,14
29:02:35,65,35,2,16
29:02:42,30,15,18,22
29:02:49,35,25,7,13
29:02:56,15,40,9,14
29:03:03,55,30,3,4
29:03:10,40,15,3,7
29:03:17,0,10,3,4
29:03:24,0,20,14,16
29:03:31,50,40,5,24
29:03:38,65,30,3,16
29:03:45,45,25,1,18
29:03:52,0,30,3,16
29:03:59,25,25,5,27
29:04:06,65,40,11,11
29:04:13,40,5,1,4
29:04:20,10,30,18,5
29:04:27,45,30,10,17
29:04:34,65,40,32,4
29:04:41,40,5,1,13
29:04:48,0,40,3,10
29:04:55,40,40,3,11
29:05:02,0,0,2,11
29:05:09,20,10,3,14
29:05:16,50,35,2,4
29:05:23,0,20,3,17
29:05:30,10,25,3,8
29:05:37,40,45,9,15
29:05:44,0,40,7,41
29:05:51,35,5,3,16
29:05:58,65,20,3,10
29:06:05,40,25,1,10
29:06:12,30,45,3,4
29:06:19,10,25,10,10
29:06:26,35,35,1,18
29:06:33,45,0,10,15
29:06:40,60,40,21,9
29:06:47,25,30,3,17
29:06:54,60,35,2,14
29:07:01,20,15,2,24
29:07:08,60,5,14,14
29:07:15,50,35,7,12
29:07:22,60,25,13,13
29:07:29,45,25,1,14
29:07:36,60,45,3,16
29:07:43,45,20,13,4
29:07:50,10,20,21,9
29:07:57,5,40,1,15
29:08:04,30,30,17,9
29:08:11,35,5,3,12
29:08:18,50,40,7,12
29:08:25,25,30,11,7
29:08:32,30,10,3,11
29:08:39,30,20,9,4
29:08:46,25,10,5,24
29:08:53,15,45,3,14
29:09:00,20,40,10,5
29:09:07,35,0,14,17
29:09:14,55,20,2,16
29:09:21,55,35,1,8
29:09:28,30,10,8,4
29:09:35,20,5,3,17
29:09:42,35,5,10,17
29:09:49,45,45,2,5
29:09:56,30,0,13,12
29:10:03,0,40,9,4
29:10:10,10,20,13,10
29:10:17,15,45,23,18
29:10:24,25,20,1,13
29:10:31,0,20,3,17
29:10:38,25,0,5,14
29:10:45,30,15,2,15
29:10:52,50,10,2,12
29:10:59,40,15,1,18
29:11:06,25,5,1,24
29:11:13,0,15,1,8
29:11:20,50,35,2,18
29:11:27,40,0,10,13
29:11:34,10,5,10,5
29:11:41,20,15,15,18
29:11:48,30,30,10,24
29:11:55,20,10,2,13
29:12:02,55,35,7,4
29:12:09,50,10,1,4
29:12:16,50,10,49,4
29:12:23,15,35,23,8
29:12:30,55,10,2,14
29:12:37,65,15,43,4
29:12:44,65,0,1,8
29:12:51,10,20,2,6
29:12:58,20,35,2,24
29:13:05,35,30,5,4
29:13:12,20,30,16,10
29:13:19,25,25,8,13
29:13:26,25,35,35,7
29:13:33,10,20,19,16
29:13:40,40,5,3,10
29:13:47,20,0,12,17
29:13:54,5,40,14,17
29:14:01,65,30,2,26
29:14:08,10,20,21,24
29:14:15,25,40,6,13
29:14:22,15,30,5,10
29:14:29,15,40,24,16
29:14:36,50,30,3,5
29:14:43,55,40,2,12
29:14:50,40,0,9,9
29:14:57,30,40,2,4
29:15:04,55,15,3,6
29:15:11,20,0,22,33
29:15:18,35,30,2,9
29:15:25,65,25,17,8
29:15:32,45,35,13,17
29:15:39,65,45,29,4
29:15:46,30,0,10,25
29:15:53,55,5,2,11
29:16:00,45,5,2,16
29:16:07,60,40,5,18
29:16:14,20,20,24,15
29:16:21,60,10,2,18
29:16:28,65,35,6,13
29:16:35,35,45,1,13
29:16:42,15,0,6,4
29:16:49,65,25,1,25
29:16:56,35,30,20,17
29:17:03,25,45,22,31
29:17:10,35,35,7,4
29:17:17,30,0,10,13
29:17:24,20,0,9,12
29:17:31,40,10,1,10
29:17:38,45,40,7,4
29:17:45,0,20,2,9
29:17:52,30,45,6,15
29:17:59,35,20,3,10
29:18:06,60,20,14,15
29:18:13,55,45,8,4
29:18:20,20,25,3,17
29:18:27,35,25,5,4
29:18:34,55,0,2,8
29:18:41,40,30,3,17
29:18:48,45,35,3,38
29:18:55,55,10,15,6
29:19:02,40,45,1,4
29:19:09,45,35,1,4
29:19:16,5,35,9,18
29:19:23,5,35,17,17
30:00:08,30,40,7,6
30:00:15,60,35,28,24
30:00:22,35,25,3,18
30:00:29,65,45,2,7
30:00:36,50,0,6,17
30:00:43,35,20,6,5
30:00:50,25,25,1,16
30:00:57,50,40,11,4
30:01:04,30,30,6,14
30:01:11,5,30,14,13
30:01:18,45,5,9,7
30:01:25,60,20,2,5
30:01:32,10,10,1,10
30:01:39,50,25,13,6
30:01:46,20,10,3,5
30:01:53,25,20,8,6
30:02:00,25,30,2,8
30:02:07,0,40,2,16
30:02:14,0,5,12,24
30:02:21,20,10,6,15
30:02:28,50,25,3,18
30:02:35,10,25,6,7
30:02:42,25,10,3,4
30:02:49,35,40,12,16
30:02:56,30,10,8,13
30:03:03,35,45,3,15
30:03:10,30,30,33,19
30:03:17,40,5,3,16
30:03:24,35,10,24,4
30:03:31,30,15,17,18
30:03:38,50,30,3,22
30:03:45,45,35,8,11
30:03:52,65,15,2,6
30:03:59,45,45,5,18
30:04:06,10,0,3,12
30:04:13,45,15,1,8
30:04:20,10,45,12,14
30:04:27,40,15,6,14
30:04:34,60,45,17,11
30:04:41,25,15,23,12
30:04:48,65,15,2,15
30:04:55,0,35,2,4
30:05:02,0,10,7,9
30:05:09,65,45,3,17
30:05:16,45,15,11,17
30:05:23,25,20,1,8
30:05:30,20,5,2,16
30:05:37,30,35,2,6
30:05:44,35,20,10,12
30:05:51,35,30,36,4
30:05:58,40,35,13,14
30:06:05,50,10,1,18
30:06:12,45,25,1,14
30:06:19,45,10,2,22
30:06:26,35,10,17,7
30:06:33,45,0,2,12
30:06:40,50,30,24,13
30:06:47,65,0,1,14
30:06:54,50,30,10,18
30:07:01,10,20,12,4
30:07:08,45,10,1,8
30:07:15,50,0,3,11
30:07:22,60,5,1,13
30:07:29,10,10,10,14
30:07:36,40,15,1,6
30:07:43,10,35,3,12
30:07:50,50,30,1,7
30:07:57,15,5,6,9
30:08:04,0,15,3,15
30:08:11,25,40,16,17
30:08:18,0,35,9,17
30:08:25,65,5,13,13
30:08:32,25,40,2,6
30:08:39,45,15,5,17
30:08:46,15,15,1,34
30:08:53,65,40,5,7
30:09:00,60,45,13,4
30:09:07,25,20,1,4
30:09:14,65,0,12,11
30:09:21,55,30,2,17
30:09:28,40,15,3,11
30:09:35,15,15,14,13
30:09:42,60,0,2,15
30:09:49,20,30,1,28
30:09:56,60,45,2,8
30:10:03,40,0,2,4
30:10:10,0,30,11,7
30:10:17,20,20,2,15
30:10:24,65,45,17,16
30:10:31,40,0,3,11
30:10:38,30,30,1,12
30:10:45,15,35,7,35
30:10:52,15,35,23,18
30:10:59,45,10,2,4
30:11:06,45,40,37,12
30:11:13,20,0,9,12
30:11:20,5,40,13,17
30:11:27,10,10,22,16
30:11:34,15,0,1,10
30:11:41,55,20,2,17
30:11:48,5,10,2,12
30:11:55,5,20,7,24
30:12:02,25,0,12,18
30:12:09,35,40,2,5
30:12:16,15,0,2,9
30:12:23,25,5,1,6
30:12:30,60,35,16,8
30:12:37,0,0,1,7
30:12:44,15,20,7,11
30:12:51,10,20,3,7
30:12:58,50,30,9,11
30:13:05,30,35,46,16
30:13:12,25,25,20,12
30:13:19,30,25,3,21
30:13:26,50,20,1,18
30:13:33,25,25,1,13
30:13:40,40,20,10,7
30:13:47,40,45,9,4
30:13:54,20,20,1,18
30:14:01,5,30,9,12
30:14:08,25,25,2,14
30:14:15,60,0,46,10
30:14:22,25,35,2,18
30:14:29,65,5,24,7
30:14:36,50,30,1,11
30:14:43,60,40,1,39
30:14:50,30,0,3,29
30:14:57,60,10,3,12
30:15:04,15,15,3,18
30:15:11,65,40,14,6
30:15:18,5,5,1,17
30:15:25,30,10,12,9
30:15:32,40,40,1,10
30:15:39,40,10,19,21
30:15:46,25,45,1,7
30:15:53,65,30,8,13
30:16:00,65,0,3,5
30:16:07,5,5,13,12
30:16:14,0,30,1,18
30:16:21,30,40,21,7
30:16:28,10,15,7,7
30:16:35,25,0,14,39
30:16:42,55,30,11,17
30:16:49,25,45,11,21
30:16:56,55,0,3,11
30:17:03,35,25,1,9
30:17:10,50,40,9,21
30:17:17,65,40,47,4
30:17:24,5,15,1,16
30:17:31,60,0,8,36
30:17:38,50,20,1,12
30:17:45,20,10,10,10
30:17:52,20,30,12,17
30:17:59,50,10,16,8
30:18:06,55,20,1,14
30:18:13,10,0,19,9
30:18:20,45,35,7,17
30:18:27,55,45,12,12
30:18:34,55,5,2,17
30:18:41,45,40,1,8
30:18:48,20,5,3,18
30:18:55,60,25,1,14
30:19:02,40,5,12,5
30:19:09,30,25,14,13
30:19:16,0,25,2,8
30:19:23,20,40,2,18
30:19:30,20,20,2,21
30:19:37,15,20,10,10
30:19:44,15,45,13,14
31:00:08,50,25,1,9
31:00:15,20,35,3,12
31:00:22,40,5,3,14
31:00:29,25,5,12,11
31:00:36,0,25,2,13
31:00:43,55,45,5,8
31:00:50,15,35,1,12
31:00:57,20,35,3,17
31:01:04,50,20,3,12
31:01:11,5,20,20,13
31:01:18,15,25,40,14
31:01:25,5,10,6,15
31:01:32,25,40,2,33
31:01:39,50,35,20,6
31:01:46,20,30,2,18
31:01:53,10,45,2,16
31:02:00,5,5,15,16
31:02:07,40,0,2,31
31:02:14,5,45,24,12
31:02:21,60,35,2,31
31:02:28,0,0,5,34
31:02:35,55,35,10,4
31:02:42,55,30,11,33
31:02:49,0,25,3,4
31:02:56,35,5,3,20
31:03:03,40,20,3,7
31:03:10,10,5,1,9
31:03:17,65,45,2,5
31:03:24,20,5,6,7
31:03:31,30,0,3,14
31:03:38,35,0,1,12
31:03:45,20,25,7,4
31:03:52,50,25,18,6
31:03:59,10,40,45,16
31:04:06,40,25,2,12
31:04:13,65,25,3,14
31:04:20,0,15,2,4
31:04:27,15,20,13,9
31:04:34,60,30,24,24
31:04:41,25,30,2,13
31:04:48,55,30,48,5
31:04:55,5,40,1,14
31:05:02,60,15,16,4
31:05:09,50,20,19,8
31:05:16,60,5,1,8
31:05:23,35,20,44,17
31:05:30,45,30,9,13
31:05:37,65,10,14,7
31:05:44,55,15,3,35
31:05:51,15,35,2,27
31:05:58,60,30,2,24
31:06:05,40,35,7,24
31:06:12,5,20,6,16
31:06:19,45,40,10,24
31:06:26,50,5,12,5
31:06:33,40,20,46,9
31:06:40,25,40,2,14
31:06:47,5,15,1,7
31:06:54,30,5,6,5
31:07:01,25,45,9,24
31:07:08,40,30,28,14
31:07:15,15,15,12,16
31:07:22,60,25,5,14
31:07:29,55,20,22,11
31:07:36,50,10,2,13
31:07:43,35,30,2,6
31:07:50,65,0,2,7
31:07:57,45,30,7,5
31:08:04,0,20,11,5
31:08:11,40,10,1,4
31:08:18,30,35,9,17
31:08:25,65,30,2,9
31:08:32,10,0,1,16
31:08:39,30,5,6,15
31:08:46,60,30,13,4
31:08:53,40,5,1,17
31:09:00,5,15,9,4
31:09:07,20,40,1,4
31:09:14,30,20,18,5
31:09:21,20,25,2,28
31:09:28,45,30,2,16
31:09:35,20,30,8,17
31:09:42,30,5,5,11
31:09:49,55,30,1,17
31:09:56,35,30,1,41
31:10:03,30,0,1,8
31:10:10,50,45,3,4
31:10:17,10,5,21,17
31:10:24,55,15,17,15
31:10:31,25,15,3,18
31:10:38,40,0,2,4
31:10:45,25,10,3,4
31:10:52,20,25,11,13
31:10:59,5,0,2,4
31:11:06,20,0,51,17
31:11:13,20,35,10,16
31:11:20,35,25,2,4
31:11:27,10,5,1,17
31:11:34,10,45,13,14
31:11:41,0,0,2,7
31:11:48,60,15,10,17
31:11:55,55,40,8,7
31:12:02,15,5,32,4
31:12:09,40,35,14,12
31:12:16,25,35,1,18
31:12:23,30,15,12,18
31:12:30,0,15,14,26
31:12:37,60,35,3,16
31:12:44,60,35,1,8
31:12:51,45,25,3,5
31:12:58,20,0,13,15
31:13:05,25,20,1,14
31:13:12,55,40,16,13
31:13:19,5,5,11,12
31:13:26,15,35,11,12
31:13:33,35,30,12,4
31:13:40,25,35,8,13
31:13:47,15,10,12,7
31:13:54,0,45,9,14
31:14:01,0,15,13,4
31:14:08,0,40,1,15
31:14:15,25,25,14,17
31:14:22,40,45,3,13
31:14:29,60,40,9,6
31:14:36,5,45,2,16
31:14:43,55,10,5,12
31:14:50,55,10,1,11
31:14:57,50,15,1,12
31:15:04,5,10,10,5
31:15:11,25,45,1,9
31:15:18,0,30,9,18
31:15:25,55,35,13,5
31:15:32,10,0,1,4
31:15:39,10,15,9,38
31:15:46,60,15,3,13
31:15:53,50,40,3,17
31:16:00,45,0,23,17
31:16:07,45,20,1,12
31:16:14,65,30,13,13
31:16:21,30,35,14,16
31:16:28,25,0,2,9
31:16:35,45,10,14,12
31:16:42,40,10,11,16
31:16:49,60,45,7,9
31:16:56,25,35,2,10
31:17:03,0,5,1,4
31:17:10,25,30,3,11
31:17:17,5,45,6,17
31:17:24,55,30,8,8
31:17:31,10,5,20,8
31:17:38,45,10,7,10
31:17:45,65,0,1,14
31:17:52,55,40,12,16
31:17:59,25,20,9,12
31:18:06,30,5,1,7
31:18:13,50,30,14,15
31:18:20,0,5,6,17
31:18:27,65,25,52,14
